日期,开盘,收盘,最高,最低,成交量,成交额,振幅,涨跌幅,涨跌额,换手率
2021-07-23,1.019,1.018,1.041,1.01,1528559,156362818.0,3.04,-0.29,-0.003,38.32
2021-07-26,1.01,1.004,1.023,0.966,443338,44517754.0,5.6,-1.38,-0.014,11.11
2021-07-27,1.0,0.957,1.029,0.95,410061,40976269.0,7.87,-4.68,-0.047,10.28
2021-07-28,0.933,0.964,0.98,0.923,202531,19417961.0,5.96,0.73,0.007,5.08
2021-07-29,0.972,1.027,1.035,0.972,492609,49914762.0,6.54,6.54,0.063,12.35
2021-07-30,1.03,1.03,1.052,1.013,429849,44574685.0,3.8,0.29,0.003,10.78
2021-08-02,1.036,1.037,1.056,1.009,256179,26627951.0,4.56,0.68,0.007,6.42
2021-08-03,1.034,1.01,1.04,0.994,217008,21913961.0,4.44,-2.6,-0.027,5.44
2021-08-04,1.001,1.074,1.077,1.001,997353,105421594.0,7.52,6.34,0.064,25.0
2021-08-05,1.072,1.076,1.091,1.058,344778,37033486.0,3.07,0.19,0.002,8.64
2021-08-06,1.082,1.081,1.107,1.071,255992,27842418.0,3.35,0.46,0.005,6.42
2021-08-09,1.072,1.055,1.072,1.025,255709,26586173.0,4.35,-2.41,-0.026,6.41
2021-08-10,1.052,1.046,1.074,1.02,237556,24940226.0,5.12,-0.85,-0.009,5.96
2021-08-11,1.04,1.042,1.048,1.024,194988,20195604.0,2.29,-0.38,-0.004,4.89
2021-08-12,1.04,1.026,1.042,1.018,231369,23767032.0,2.3,-1.54,-0.016,5.8
2021-08-13,1.017,1.019,1.048,1.012,252622,25938649.0,3.51,-0.68,-0.007,6.33
2021-08-16,1.005,0.99,1.014,0.983,340702,33866980.0,3.04,-2.85,-0.029,8.54
2021-08-17,0.99,0.984,1.008,0.978,205225,20431007.0,3.03,-0.61,-0.006,5.14
2021-08-18,0.984,0.973,0.999,0.967,234150,22990632.0,3.25,-1.12,-0.011,5.87
2021-08-19,0.986,0.995,1.008,0.965,217413,21444631.0,4.42,2.26,0.022,5.45
2021-08-20,0.994,0.995,1.006,0.981,163267,16227907.0,2.51,0.0,0.0,4.09
2021-08-23,0.997,1.029,1.033,0.995,290477,29578735.0,3.82,3.42,0.034,7.28
2021-08-24,1.03,1.047,1.064,1.026,311746,32723841.0,3.69,1.75,0.018,7.81
2021-08-25,1.046,1.072,1.074,1.035,291430,30866268.0,3.72,2.39,0.025,7.31
2021-08-26,1.071,1.054,1.085,1.052,192807,20619872.0,3.08,-1.68,-0.018,4.83
2021-08-27,1.049,1.074,1.079,1.049,202838,21731136.0,2.85,1.9,0.02,5.08
2021-08-30,1.074,1.106,1.127,1.057,272316,30183014.0,6.52,2.98,0.032,6.83
2021-08-31,1.105,1.08,1.105,1.072,168846,18281514.0,2.98,-2.35,-0.026,4.23
2021-09-01,1.09,1.036,1.09,1.015,161448,16900889.0,6.94,-4.07,-0.044,4.05
2021-09-02,1.032,1.07,1.073,1.032,142280,15113783.0,3.96,3.28,0.034,3.57
2021-09-03,1.069,1.039,1.09,1.036,167728,17733451.0,5.05,-2.9,-0.031,4.2
2021-09-06,1.039,1.05,1.052,1.016,136268,14112259.0,3.46,1.06,0.011,3.42
2021-09-07,1.049,1.074,1.076,1.045,123308,13160905.0,2.95,2.29,0.024,3.09
2021-09-08,1.075,1.047,1.087,1.046,111111,11788709.0,3.82,-2.51,-0.027,2.79
2021-09-09,1.05,1.05,1.062,1.029,115480,12049817.0,3.15,0.29,0.003,2.89
2021-09-10,1.052,1.06,1.063,1.039,112758,11877466.0,2.29,0.95,0.01,2.83
2021-09-13,1.06,1.045,1.065,1.04,84988,8908819.0,2.36,-1.42,-0.015,2.13
2021-09-14,1.045,1.061,1.078,1.036,135325,14395900.0,4.02,1.53,0.016,3.39
2021-09-15,1.061,1.078,1.079,1.057,110057,11807235.0,2.07,1.6,0.017,2.76
2021-09-16,1.073,1.035,1.078,1.034,143996,15127570.0,4.08,-3.99,-0.043,3.61
2021-09-17,1.031,1.047,1.055,1.022,112355,11696250.0,3.19,1.16,0.012,2.82
2021-09-22,1.027,1.048,1.055,1.027,73519,7704795.0,2.67,0.1,0.001,1.84
2021-09-23,1.048,1.045,1.062,1.042,51455,5405656.0,1.91,-0.29,-0.003,1.29
2021-09-24,1.046,1.063,1.081,1.03,132599,14068680.0,4.88,1.72,0.018,3.32
2021-09-27,1.064,1.062,1.08,1.036,107799,11424538.0,4.14,-0.09,-0.001,2.7
2021-09-28,1.06,1.041,1.071,1.04,103953,10938941.0,2.92,-1.98,-0.021,2.61
2021-09-29,1.04,1.033,1.054,1.03,102297,10631182.0,2.31,-0.77,-0.008,2.56
2021-09-30,1.033,1.062,1.068,1.031,92110,9716016.0,3.58,2.81,0.029,2.31
2021-10-08,1.063,1.039,1.078,1.027,125034,13004068.0,4.8,-2.17,-0.023,3.13
2021-10-11,1.039,1.026,1.044,1.018,86754,8935676.0,2.5,-1.25,-0.013,2.17
2021-10-12,1.026,1.005,1.031,0.995,105654,10683011.0,3.51,-2.05,-0.021,2.65
2021-10-13,1.005,1.046,1.046,1.005,140560,14512007.0,4.08,4.08,0.041,3.52
2021-10-14,1.046,1.055,1.069,1.042,106772,11311601.0,2.58,0.86,0.009,2.68
2021-10-15,1.055,1.08,1.086,1.043,155750,16741634.0,4.08,2.37,0.025,3.9
2021-10-18,1.079,1.105,1.106,1.079,147196,16134219.0,2.5,2.31,0.025,3.69
2021-10-19,1.105,1.102,1.118,1.097,120565,13317515.0,1.9,-0.27,-0.003,3.02
2021-10-20,1.1,1.129,1.141,1.098,157462,17804052.0,3.9,2.45,0.027,3.95
2021-10-21,1.12,1.104,1.121,1.1,103592,11495369.0,1.86,-2.21,-0.025,2.6
2021-10-22,1.106,1.1,1.115,1.088,70930,7817220.0,2.45,-0.36,-0.004,1.78
2021-10-25,1.099,1.145,1.149,1.099,126234,14380127.0,4.55,4.09,0.045,3.16
2021-10-26,1.148,1.13,1.158,1.125,106566,12135944.0,2.88,-1.31,-0.015,2.67
2021-10-27,1.123,1.159,1.16,1.123,140310,16153803.0,3.27,2.57,0.029,3.52
2021-10-28,1.16,1.148,1.173,1.142,67307,7792352.0,2.67,-0.95,-0.011,1.69
2021-10-29,1.148,1.176,1.177,1.116,135896,15587052.0,5.31,2.44,0.028,3.41
2021-11-01,1.176,1.17,1.199,1.153,135482,15931205.0,3.91,-0.51,-0.006,3.4
2021-11-02,1.17,1.162,1.181,1.152,100561,11737582.0,2.48,-0.68,-0.008,2.52
2021-11-03,1.162,1.134,1.18,1.122,117513,13414967.0,4.99,-2.41,-0.028,2.95
2021-11-04,1.135,1.158,1.173,1.135,109912,12771797.0,3.35,2.12,0.024,2.76
2021-11-05,1.158,1.135,1.158,1.131,114047,13035105.0,2.33,-1.99,-0.023,2.86
2021-11-08,1.133,1.155,1.165,1.13,95463,11021876.0,3.08,1.76,0.02,2.39
2021-11-09,1.156,1.162,1.182,1.156,86341,10075068.0,2.25,0.61,0.007,2.16
2021-11-10,1.162,1.15,1.162,1.13,102252,11686303.0,2.75,-1.03,-0.012,2.56
2021-11-11,1.151,1.152,1.168,1.144,59543,6882476.0,2.09,0.17,0.002,1.49
2021-11-12,1.152,1.156,1.162,1.149,67876,7839234.0,1.13,0.35,0.004,1.7
2021-11-15,1.155,1.115,1.155,1.11,178863,20049603.0,3.89,-3.55,-0.041,4.48
2021-11-16,1.111,1.098,1.12,1.096,114189,12624158.0,2.15,-1.52,-0.017,2.86
2021-11-17,1.098,1.122,1.124,1.098,119142,13287973.0,2.37,2.19,0.024,2.99
2021-11-18,1.121,1.117,1.128,1.105,69184,7720325.0,2.05,-0.45,-0.005,1.73
2021-11-19,1.106,1.128,1.128,1.106,97325,10888674.0,1.97,0.98,0.011,2.44
2021-11-22,1.129,1.158,1.162,1.129,144086,16547813.0,2.93,2.66,0.03,3.61
2021-11-23,1.158,1.154,1.162,1.15,54110,6255366.0,1.04,-0.35,-0.004,1.36
2021-11-24,1.16,1.129,1.16,1.124,127898,14514501.0,3.12,-2.17,-0.025,3.21
2021-11-25,1.125,1.12,1.136,1.113,83474,9331085.0,2.04,-0.8,-0.009,2.09
2021-11-26,1.121,1.129,1.134,1.115,82958,9339305.0,1.7,0.8,0.009,2.08
2021-11-29,1.12,1.146,1.149,1.11,92323,10548447.0,3.45,1.51,0.017,2.31
2021-11-30,1.145,1.138,1.15,1.132,68889,7831526.0,1.57,-0.7,-0.008,1.73
2021-12-01,1.136,1.126,1.141,1.116,91178,10237559.0,2.2,-1.05,-0.012,2.29
2021-12-02,1.126,1.124,1.131,1.118,65092,7314094.0,1.15,-0.18,-0.002,1.63
2021-12-03,1.124,1.124,1.124,1.112,94632,10560989.0,1.07,0.0,0.0,2.37
2021-12-06,1.123,1.104,1.129,1.103,99856,11115957.0,2.31,-1.78,-0.02,2.5
2021-12-07,1.108,1.089,1.121,1.073,99091,10758758.0,4.35,-1.36,-0.015,2.48
2021-12-08,1.089,1.109,1.112,1.089,91305,10089261.0,2.11,1.84,0.02,2.29
2021-12-09,1.108,1.108,1.114,1.098,69347,7681444.0,1.44,-0.09,-0.001,1.74
2021-12-10,1.109,1.124,1.128,1.1,98872,11065186.0,2.53,1.44,0.016,2.48
2021-12-13,1.1,1.128,1.131,1.1,130885,14733177.0,2.76,0.36,0.004,3.28
2021-12-14,1.125,1.118,1.126,1.115,60481,6765073.0,0.98,-0.89,-0.01,1.52
2021-12-15,1.117,1.113,1.13,1.112,64217,7175710.0,1.61,-0.45,-0.005,1.61
2021-12-16,1.124,1.121,1.124,1.112,59467,6642806.0,1.08,0.72,0.008,1.49
2021-12-17,1.12,1.093,1.12,1.09,122362,13430712.0,2.68,-2.5,-0.028,3.07
2021-12-20,1.093,1.043,1.093,1.04,158060,16721729.0,4.85,-4.57,-0.05,3.96
2021-12-21,1.042,1.044,1.053,1.028,110934,11515694.0,2.4,0.1,0.001,2.78
2021-12-22,1.051,1.048,1.051,1.042,70672,7405718.0,0.86,0.38,0.004,1.77
2021-12-23,1.048,1.055,1.06,1.043,68918,7277925.0,1.62,0.67,0.007,1.73
2021-12-24,1.056,1.014,1.058,1.008,164296,16815618.0,4.74,-3.89,-0.041,4.12
2021-12-27,1.023,1.016,1.03,1.006,77041,7843292.0,2.37,0.2,0.002,1.93
2021-12-28,1.016,1.037,1.04,1.013,104631,10727696.0,2.66,2.07,0.021,2.62
2021-12-29,1.031,1.035,1.048,1.03,72049,7474656.0,1.74,-0.19,-0.002,1.81
2021-12-30,1.04,1.039,1.052,1.035,76143,7950360.0,1.64,0.39,0.004,1.91
2021-12-31,1.045,1.063,1.071,1.045,113209,12065074.0,2.5,2.31,0.024,2.84
2022-01-04,1.064,1.03,1.077,1.023,111465,11523185.0,5.08,-3.1,-0.033,2.79
2022-01-05,1.03,0.993,1.03,0.986,179503,17931629.0,4.27,-3.59,-0.037,4.5
2022-01-06,0.993,0.99,0.995,0.968,124542,12286533.0,2.72,-0.3,-0.003,3.12
2022-01-07,0.99,0.975,0.998,0.963,159240,15524837.0,3.54,-1.52,-0.015,3.99
2022-01-10,0.975,0.963,0.976,0.957,88243,8525020.0,1.95,-1.23,-0.012,2.21
2022-01-11,0.969,0.956,0.977,0.95,110551,10574975.0,2.8,-0.73,-0.007,2.77
2022-01-12,0.957,0.992,0.992,0.957,124982,12282082.0,3.66,3.77,0.036,3.13
2022-01-13,0.992,0.978,0.997,0.969,89908,8857956.0,2.82,-1.41,-0.014,2.25
2022-01-14,0.97,0.99,0.999,0.97,86414,8568320.0,2.97,1.23,0.012,2.17
2022-01-17,0.992,1.008,1.016,0.991,96903,9754026.0,2.53,1.82,0.018,2.43
2022-01-18,1.005,0.997,1.009,0.995,79083,7907073.0,1.39,-1.09,-0.011,1.98
2022-01-19,0.991,0.975,0.995,0.964,123447,12033872.0,3.11,-2.21,-0.022,3.09
2022-01-20,0.975,0.97,0.98,0.967,70513,6838716.0,1.33,-0.51,-0.005,1.77
2022-01-21,0.97,0.968,0.982,0.956,100471,9715989.0,2.68,-0.21,-0.002,2.52
2022-01-24,0.967,0.991,1.0,0.957,138341,13611937.0,4.44,2.38,0.023,3.47
2022-01-25,0.991,0.97,0.997,0.97,90434,8911333.0,2.72,-2.12,-0.021,2.27
2022-01-26,0.982,0.995,0.995,0.977,111141,10987122.0,1.86,2.58,0.025,2.79
2022-01-27,0.996,0.986,0.997,0.961,143913,14023761.0,3.62,-0.9,-0.009,3.61
2022-01-28,0.985,0.97,0.985,0.939,130867,12586147.0,4.67,-1.62,-0.016,3.28
2022-02-07,0.97,0.97,0.993,0.962,114022,11080801.0,3.2,0.0,0.0,2.86
2022-02-08,0.968,0.929,0.968,0.905,131519,12173968.0,6.49,-4.23,-0.041,3.3
2022-02-09,0.926,0.936,0.938,0.911,87490,8110696.0,2.91,0.75,0.007,2.19
2022-02-10,0.936,0.906,0.942,0.891,147394,13352568.0,5.45,-3.21,-0.03,3.69
2022-02-11,0.901,0.882,0.908,0.88,112342,10038770.0,3.09,-2.65,-0.024,2.82
2022-02-14,0.883,0.884,0.897,0.87,74716,6610820.0,3.06,0.23,0.002,1.87
2022-02-15,0.885,0.918,0.92,0.883,165572,15031549.0,4.19,3.85,0.034,4.15
2022-02-16,0.923,0.919,0.932,0.913,117420,10841110.0,2.07,0.11,0.001,2.94
2022-02-17,0.92,0.942,0.95,0.915,139521,13128117.0,3.81,2.5,0.023,3.5
2022-02-18,0.937,0.932,0.938,0.925,74936,6963534.0,1.38,-1.06,-0.01,1.88
2022-02-21,0.932,0.923,0.932,0.916,63947,5904471.0,1.72,-0.97,-0.009,1.6
2022-02-22,0.923,0.929,0.935,0.912,92412,8548931.0,2.49,0.65,0.006,2.32
2022-02-23,0.937,0.961,0.962,0.937,138564,13232224.0,2.69,3.44,0.032,3.47
2022-02-24,0.961,0.953,0.978,0.94,94674,9103808.0,3.95,-0.83,-0.008,2.37
2022-02-25,0.958,0.977,0.987,0.958,149437,14624731.0,3.04,2.52,0.024,3.75
2022-02-28,0.977,0.999,0.999,0.971,115465,11447144.0,2.87,2.25,0.022,2.89
2022-03-01,1.002,0.998,1.021,0.99,123417,12420156.0,3.1,-0.1,-0.001,3.09
2022-03-02,0.997,0.989,0.997,0.967,76877,7538275.0,3.01,-0.9,-0.009,1.93
2022-03-03,0.989,0.971,0.997,0.97,74666,7300798.0,2.73,-1.82,-0.018,1.87
2022-03-04,0.966,0.96,0.975,0.954,94698,9136699.0,2.16,-1.13,-0.011,2.37
2022-03-07,0.958,0.929,0.958,0.923,79272,7406371.0,3.65,-3.23,-0.031,1.99
2022-03-08,0.949,0.913,0.949,0.906,91588,8440103.0,4.63,-1.72,-0.016,2.3
2022-03-09,0.92,0.914,0.927,0.871,114141,10331695.0,6.13,0.11,0.001,2.86
2022-03-10,0.928,0.952,0.965,0.928,124737,11875666.0,4.05,4.16,0.038,3.13
2022-03-11,0.943,0.946,0.947,0.916,103672,9648147.0,3.26,-0.63,-0.006,2.6
2022-03-14,0.942,0.917,0.942,0.915,106324,9826706.0,2.85,-3.07,-0.029,2.67
2022-03-15,0.917,0.902,0.937,0.895,87429,8004250.0,4.58,-1.64,-0.015,2.19
2022-03-16,0.913,0.946,0.947,0.892,90944,8382761.0,6.1,4.88,0.044,2.28
2022-03-17,0.952,0.949,0.971,0.948,134221,12893530.0,2.43,0.32,0.003,3.36
2022-03-18,0.949,0.945,0.949,0.928,128152,11999591.0,2.21,-0.42,-0.004,3.21
2022-03-21,0.945,0.953,0.965,0.945,97968,9356077.0,2.12,0.85,0.008,2.46
2022-03-22,0.947,0.939,0.952,0.93,115019,10787193.0,2.31,-1.47,-0.014,2.88
2022-03-23,0.948,0.94,0.952,0.934,80895,7611356.0,1.92,0.11,0.001,2.03
2022-03-24,0.935,0.927,0.935,0.911,95018,8763736.0,2.55,-1.38,-0.013,2.38
2022-03-25,0.927,0.898,0.93,0.898,81557,7402318.0,3.45,-3.13,-0.029,2.04
2022-03-28,0.899,0.888,0.9,0.88,109667,9720575.0,2.23,-1.11,-0.01,2.75
2022-03-29,0.888,0.892,0.904,0.883,92791,8257367.0,2.36,0.45,0.004,2.33
2022-03-30,0.9,0.919,0.921,0.896,102517,9353639.0,2.8,3.03,0.027,2.57
2022-03-31,0.919,0.895,0.919,0.89,93105,8332047.0,3.16,-2.61,-0.024,2.33
2022-04-01,0.895,0.898,0.913,0.889,79588,7175240.0,2.68,0.34,0.003,2.0
2022-04-06,0.898,0.877,0.899,0.869,121980,10657814.0,3.34,-2.34,-0.021,3.06
2022-04-07,0.879,0.862,0.879,0.857,100320,8668545.0,2.51,-1.71,-0.015,2.51
2022-04-08,0.866,0.86,0.874,0.85,66976,5765465.0,2.78,-0.23,-0.002,1.68
2022-04-11,0.856,0.819,0.856,0.815,118531,9760646.0,4.77,-4.77,-0.041,2.97
2022-04-12,0.818,0.825,0.826,0.808,110813,9047581.0,2.2,0.73,0.006,2.78
2022-04-13,0.824,0.817,0.832,0.811,75689,6225888.0,2.55,-0.97,-0.008,1.9
2022-04-14,0.818,0.808,0.827,0.8,85109,6865725.0,3.3,-1.1,-0.009,2.13
2022-04-15,0.809,0.798,0.809,0.781,114964,9071054.0,3.47,-1.24,-0.01,2.88
2022-04-18,0.798,0.814,0.815,0.78,90056,7259307.0,4.39,2.01,0.016,2.26
2022-04-19,0.811,0.813,0.83,0.809,51496,4211701.0,2.58,-0.12,-0.001,1.29
2022-04-20,0.8,0.781,0.802,0.777,96621,7581714.0,3.08,-3.94,-0.032,2.42
2022-04-21,0.781,0.75,0.782,0.742,83798,6361400.0,5.12,-3.97,-0.031,2.1
2022-04-22,0.75,0.742,0.751,0.737,90667,6744606.0,1.87,-1.07,-0.008,2.27
2022-04-25,0.732,0.689,0.732,0.689,78027,5567251.0,5.8,-7.14,-0.053,1.96
2022-04-26,0.7,0.679,0.702,0.677,80759,5614391.0,3.63,-1.45,-0.01,2.02
2022-04-27,0.676,0.731,0.733,0.67,116514,8214178.0,9.28,7.66,0.052,2.92
2022-04-28,0.731,0.738,0.753,0.722,110736,8191632.0,4.24,0.96,0.007,2.78
2022-04-29,0.74,0.77,0.771,0.731,120329,9086401.0,5.42,4.34,0.032,3.02
2022-05-05,0.767,0.763,0.777,0.748,107651,8218325.0,3.77,-0.91,-0.007,2.7
2022-05-06,0.75,0.748,0.761,0.74,66054,4958524.0,2.75,-1.97,-0.015,1.66
2022-05-09,0.745,0.751,0.759,0.74,81951,6155836.0,2.54,0.4,0.003,2.05
2022-05-10,0.751,0.771,0.781,0.737,115338,8915254.0,5.86,2.66,0.02,2.89
2022-05-11,0.774,0.806,0.822,0.774,190040,15313989.0,6.23,4.54,0.035,4.76
2022-05-12,0.8,0.795,0.804,0.792,126370,10061982.0,1.49,-1.36,-0.011,3.17
2022-05-13,0.811,0.801,0.812,0.795,83336,6657438.0,2.14,0.75,0.006,2.09
2022-05-16,0.801,0.792,0.819,0.79,98494,7871385.0,3.62,-1.12,-0.009,2.47
2022-05-17,0.792,0.817,0.823,0.791,166079,13501882.0,4.04,3.16,0.025,4.16
2022-05-18,0.822,0.824,0.831,0.815,139210,11462158.0,1.96,0.86,0.007,3.49
2022-05-19,0.822,0.852,0.857,0.811,129447,10884987.0,5.58,3.4,0.028,3.25
2022-05-20,0.875,0.865,0.878,0.847,98797,8479502.0,3.64,1.53,0.013,2.48
2022-05-23,0.865,0.859,0.865,0.843,82140,6995261.0,2.54,-0.69,-0.006,2.06
2022-05-24,0.859,0.831,0.86,0.83,77470,6566768.0,3.49,-3.26,-0.028,1.94
2022-05-25,0.812,0.835,0.837,0.812,68946,5710154.0,3.01,0.48,0.004,1.73
2022-05-26,0.836,0.833,0.845,0.82,69308,5800208.0,2.99,-0.24,-0.002,1.74
2022-05-27,0.829,0.831,0.852,0.827,92005,7695187.0,3.0,-0.24,-0.002,2.31
2022-05-30,0.831,0.838,0.841,0.831,46387,3877072.0,1.2,0.84,0.007,1.16
2022-05-31,0.848,0.858,0.859,0.835,122404,10406634.0,2.86,2.39,0.02,3.07
2022-06-01,0.859,0.861,0.868,0.845,114854,9867555.0,2.68,0.35,0.003,2.88
2022-06-02,0.86,0.881,0.884,0.855,130034,11429347.0,3.37,2.32,0.02,3.26
2022-06-06,0.881,0.929,0.938,0.881,148593,13662759.0,6.47,5.45,0.048,3.72
2022-06-07,0.93,0.925,0.943,0.92,102944,9561489.0,2.48,-0.43,-0.004,2.58
2022-06-08,0.926,0.925,0.93,0.9,126188,11552458.0,3.24,0.0,0.0,3.16
2022-06-09,0.926,0.91,0.926,0.903,104165,9513753.0,2.49,-1.62,-0.015,2.61
2022-06-10,0.9,0.932,0.936,0.899,130440,12018661.0,4.07,2.42,0.022,3.27
2022-06-13,0.922,0.943,0.952,0.921,160774,15126642.0,3.33,1.18,0.011,4.03
2022-06-14,0.943,0.939,0.943,0.907,135724,12517947.0,3.82,-0.42,-0.004,3.4
2022-06-15,0.938,0.929,0.951,0.919,145502,13592442.0,3.41,-1.06,-0.01,3.65
2022-06-16,0.929,0.944,0.951,0.921,153668,14486579.0,3.23,1.61,0.015,3.85
2022-06-17,0.931,0.973,0.977,0.929,211005,20458103.0,5.08,3.07,0.029,5.29
2022-06-20,0.974,0.995,1.008,0.974,238846,23817871.0,3.49,2.26,0.022,5.99
2022-06-21,0.996,0.988,0.998,0.973,167696,16474687.0,2.51,-0.7,-0.007,4.2
2022-06-22,0.985,0.993,1.01,0.985,157014,15695775.0,2.53,0.51,0.005,3.94
2022-06-23,0.993,1.008,1.012,0.978,177110,17730928.0,3.42,1.51,0.015,4.44
2022-06-24,1.014,1.034,1.037,1.011,205552,21117707.0,2.58,2.58,0.026,5.15
2022-06-27,1.049,1.039,1.054,1.034,158594,16551143.0,1.93,0.48,0.005,3.98
2022-06-28,1.038,1.061,1.062,1.025,188741,19751199.0,3.56,2.12,0.022,4.73
2022-06-29,1.055,1.013,1.056,1.01,181128,18763053.0,4.34,-4.52,-0.048,4.54
2022-06-30,1.014,1.04,1.047,1.014,176186,18281940.0,3.26,2.67,0.027,4.42
2022-07-01,1.043,1.034,1.05,1.031,124979,13030169.0,1.83,-0.58,-0.006,3.13
2022-07-04,1.028,1.054,1.057,1.022,159393,16724973.0,3.38,1.93,0.02,4.0
2022-07-05,1.055,1.066,1.071,1.045,151787,16037326.0,2.47,1.14,0.012,3.81
2022-07-06,1.066,1.057,1.073,1.044,106574,11285958.0,2.72,-0.84,-0.009,2.67
2022-07-07,1.057,1.079,1.082,1.046,154471,16559804.0,3.41,2.08,0.022,3.87
2022-07-08,1.079,1.059,1.091,1.053,108135,11497127.0,3.52,-1.85,-0.02,2.71
2022-07-11,1.053,1.016,1.053,1.006,153527,15608585.0,4.44,-4.06,-0.043,3.85
2022-07-12,1.018,0.997,1.028,0.995,140866,14213610.0,3.25,-1.87,-0.019,3.53
2022-07-13,0.997,1.031,1.038,0.987,184890,18750032.0,5.12,3.41,0.034,4.63
2022-07-14,1.03,1.049,1.061,1.019,135309,14130395.0,4.07,1.75,0.018,3.39
2022-07-15,1.06,1.035,1.062,1.032,141011,14797858.0,2.86,-1.33,-0.014,3.53
2022-07-18,1.034,1.041,1.045,1.012,137411,14173093.0,3.19,0.58,0.006,3.44
2022-07-19,1.042,1.018,1.042,1.014,122842,12564632.0,2.69,-2.21,-0.023,3.08
2022-07-20,1.016,1.025,1.032,1.016,88887,9091949.0,1.57,0.69,0.007,2.23
2022-07-21,1.021,1.006,1.027,1.003,116766,11844007.0,2.34,-1.85,-0.019,2.93
2022-07-22,1.005,1.003,1.018,0.996,101272,10200699.0,2.19,-0.3,-0.003,2.54
2022-07-25,1.003,0.987,1.003,0.981,107774,10668843.0,2.19,-1.6,-0.016,2.7
2022-07-26,0.987,0.998,1.012,0.985,107484,10770140.0,2.74,1.11,0.011,2.69
2022-07-27,0.998,1.003,1.008,0.988,82909,8301219.0,2.0,0.5,0.005,2.08
2022-07-28,1.005,0.995,1.014,0.991,87982,8788256.0,2.29,-0.8,-0.008,2.21
2022-07-29,1.007,0.989,1.007,0.986,101827,10113889.0,2.11,-0.6,-0.006,2.55
2022-08-01,0.991,1.008,1.011,0.973,141933,14188313.0,3.84,1.92,0.019,3.56
2022-08-02,1.009,0.986,1.009,0.978,106983,10558773.0,3.08,-2.18,-0.022,2.68
2022-08-03,0.988,0.962,1.004,0.956,135243,13225076.0,4.87,-2.43,-0.024,3.39
2022-08-04,0.956,0.961,0.973,0.947,104962,10040379.0,2.7,-0.1,-0.001,2.63
2022-08-05,0.961,0.97,0.97,0.95,97988,9406896.0,2.08,0.94,0.009,2.46
2022-08-08,0.97,0.97,0.971,0.952,52382,5059886.0,1.96,0.0,0.0,1.31
2022-08-09,0.972,0.987,0.997,0.969,114146,11296501.0,2.89,1.75,0.017,2.86
2022-08-10,0.997,0.976,0.997,0.973,89324,8738873.0,2.43,-1.11,-0.011,2.24
2022-08-11,0.979,0.985,0.991,0.961,119564,11680706.0,3.07,0.92,0.009,3.0
2022-08-12,0.986,0.975,0.99,0.974,55745,5456188.0,1.62,-1.02,-0.01,1.4
2022-08-15,0.976,1.007,1.014,0.976,129206,12979601.0,3.9,3.28,0.032,3.24
2022-08-16,1.007,1.011,1.023,1.006,106705,10838497.0,1.69,0.4,0.004,2.67
2022-08-17,1.011,1.014,1.017,1.003,98166,9919586.0,1.38,0.3,0.003,2.46
2022-08-18,1.014,1.016,1.028,1.013,96683,9846947.0,1.48,0.2,0.002,2.42
2022-08-19,1.024,0.988,1.024,0.986,98191,9764773.0,3.74,-2.76,-0.028,2.46
2022-08-22,0.987,1.004,1.005,0.968,71299,7065534.0,3.74,1.62,0.016,1.79
2022-08-23,1.001,1.008,1.019,1.001,64811,6523537.0,1.79,0.4,0.004,1.62
2022-08-24,1.008,0.976,1.014,0.971,91812,9048921.0,4.27,-3.17,-0.032,2.3
2022-08-25,0.976,0.958,0.987,0.942,125701,11980002.0,4.61,-1.84,-0.018,3.15
2022-08-26,0.958,0.954,0.966,0.947,72801,6957043.0,1.98,-0.42,-0.004,1.83
2022-08-29,0.954,0.951,0.954,0.935,59486,5637361.0,1.99,-0.31,-0.003,1.49
2022-08-30,0.951,0.943,0.956,0.938,80190,7551879.0,1.89,-0.84,-0.008,2.01
2022-08-31,0.94,0.906,0.94,0.901,131141,11957158.0,4.14,-3.92,-0.037,3.29
2022-09-01,0.906,0.902,0.916,0.899,90963,8238420.0,1.88,-0.44,-0.004,2.28
2022-09-02,0.902,0.891,0.905,0.884,112938,10096008.0,2.33,-1.22,-0.011,2.83
2022-09-05,0.891,0.891,0.9,0.885,97851,8698391.0,1.68,0.0,0.0,2.45
2022-09-06,0.891,0.915,0.916,0.876,138444,12436446.0,4.49,2.69,0.024,3.47
2022-09-07,0.916,0.928,0.936,0.909,110870,10287733.0,2.95,1.42,0.013,2.78
2022-09-08,0.926,0.912,0.928,0.909,58198,5328630.0,2.05,-1.72,-0.016,1.46
2022-09-09,0.912,0.915,0.915,0.9,98097,8905405.0,1.64,0.33,0.003,2.46
2022-09-13,0.914,0.915,0.92,0.901,116748,10652221.0,2.08,0.0,0.0,2.93
2022-09-14,0.9,0.899,0.91,0.89,146836,13159815.0,2.19,-1.75,-0.016,3.68
2022-09-15,0.898,0.858,0.9,0.845,191082,16559140.0,6.12,-4.56,-0.041,4.79
2022-09-16,0.848,0.836,0.852,0.833,191037,16070940.0,2.21,-2.56,-0.022,4.79
2022-09-19,0.835,0.832,0.846,0.831,152569,12767412.0,1.79,-0.48,-0.004,3.82
2022-09-20,0.833,0.859,0.871,0.833,153084,13168336.0,4.57,3.25,0.027,3.84
2022-09-21,0.859,0.853,0.86,0.846,131937,11272012.0,1.63,-0.7,-0.006,3.31
2022-09-22,0.85,0.852,0.861,0.83,137337,11694852.0,3.63,-0.12,-0.001,3.44
2022-09-23,0.851,0.844,0.859,0.832,131652,11097240.0,3.17,-0.94,-0.008,3.3
2022-09-26,0.841,0.853,0.867,0.832,127788,10940396.0,4.15,1.07,0.009,3.2
2022-09-27,0.854,0.857,0.862,0.843,103393,8762783.0,2.23,0.47,0.004,2.59
2022-09-28,0.857,0.824,0.857,0.823,95358,7935157.0,3.97,-3.85,-0.033,2.39
2022-09-29,0.826,0.837,0.842,0.824,76457,6381983.0,2.18,1.58,0.013,1.92
2022-09-30,0.831,0.812,0.835,0.808,107949,8850399.0,3.23,-2.99,-0.025,2.71
2022-10-10,0.81,0.791,0.815,0.787,97273,7760595.0,3.45,-2.59,-0.021,2.44
2022-10-11,0.79,0.81,0.815,0.79,122113,9870222.0,3.16,2.4,0.019,3.06
2022-10-12,0.81,0.842,0.845,0.793,119951,9662686.0,6.42,3.95,0.032,3.01
2022-10-13,0.843,0.831,0.845,0.826,100358,8377453.0,2.26,-1.31,-0.011,2.52
2022-10-14,0.833,0.86,0.865,0.826,144115,12134262.0,4.69,3.49,0.029,3.61
2022-10-17,0.854,0.85,0.854,0.832,142901,11994025.0,2.56,-1.16,-0.01,3.58
2022-10-18,0.853,0.846,0.857,0.842,114522,9709382.0,1.76,-0.47,-0.004,2.87
2022-10-19,0.843,0.842,0.86,0.84,108842,9218166.0,2.36,-0.47,-0.004,2.73
2022-10-20,0.835,0.818,0.837,0.807,143130,11686345.0,3.56,-2.85,-0.024,3.59
2022-10-21,0.818,0.817,0.826,0.81,135643,11126967.0,1.96,-0.12,-0.001,3.4
2022-10-24,0.819,0.803,0.824,0.794,131910,10700455.0,3.67,-1.71,-0.014,3.31
2022-10-25,0.803,0.815,0.822,0.79,123597,9995615.0,3.99,1.49,0.012,3.1
2022-10-26,0.815,0.82,0.83,0.808,109839,9007282.0,2.7,0.61,0.005,2.75
2022-10-27,0.829,0.813,0.842,0.813,126794,10463405.0,3.54,-0.85,-0.007,3.18
2022-10-28,0.818,0.781,0.818,0.777,134003,10648453.0,5.04,-3.94,-0.032,3.36
2022-10-31,0.778,0.774,0.791,0.77,122992,9598400.0,2.69,-0.9,-0.007,3.08
2022-11-01,0.779,0.803,0.806,0.777,143378,11385352.0,3.75,3.75,0.029,3.59
2022-11-02,0.804,0.818,0.824,0.801,99652,8098527.0,2.86,1.87,0.015,2.5
2022-11-03,0.815,0.813,0.832,0.79,96932,7953156.0,5.13,-0.61,-0.005,2.43
2022-11-04,0.813,0.858,0.861,0.813,167438,14151714.0,5.9,5.54,0.045,4.2
2022-11-07,0.858,0.863,0.869,0.853,87228,7525201.0,1.86,0.58,0.005,2.19
2022-11-08,0.863,0.858,0.87,0.848,82040,7055915.0,2.55,-0.58,-0.005,2.06
2022-11-09,0.861,0.841,0.861,0.84,83600,7097162.0,2.45,-1.98,-0.017,2.1
2022-11-10,0.841,0.82,0.841,0.814,93150,7660096.0,3.21,-2.5,-0.021,2.34
2022-11-11,0.842,0.83,0.849,0.823,171068,14260274.0,3.17,1.22,0.01,4.29
2022-11-14,0.831,0.819,0.839,0.803,251681,20610410.0,4.34,-1.33,-0.011,6.31
2022-11-15,0.813,0.824,0.828,0.803,217035,17653731.0,3.05,0.61,0.005,5.44
2022-11-16,0.824,0.81,0.824,0.803,193048,15658313.0,2.55,-1.7,-0.014,4.84
2022-11-17,0.805,0.793,0.805,0.783,221453,17468160.0,2.72,-2.1,-0.017,5.55
2022-11-18,0.793,0.791,0.802,0.782,161992,12896955.0,2.52,-0.25,-0.002,4.06
2022-11-21,0.791,0.798,0.801,0.786,121685,9658152.0,1.9,0.88,0.007,3.05
2022-11-22,0.798,0.78,0.798,0.776,231482,18089900.0,2.76,-2.26,-0.018,5.8
2022-11-23,0.78,0.79,0.794,0.772,196753,15441911.0,2.82,1.28,0.01,4.93
2022-11-24,0.793,0.789,0.8,0.788,136248,10800839.0,1.52,-0.13,-0.001,3.42
2022-11-25,0.787,0.773,0.79,0.773,169045,13109318.0,2.15,-2.03,-0.016,4.24
2022-11-28,0.765,0.765,0.765,0.752,128794,9775417.0,1.68,-1.03,-0.008,3.23
2022-11-29,0.764,0.769,0.774,0.759,151487,11601558.0,1.96,0.52,0.004,3.8
2022-11-30,0.77,0.777,0.781,0.767,116261,8996715.0,1.82,1.04,0.008,2.91
2022-12-01,0.78,0.79,0.798,0.78,159243,12626185.0,2.32,1.67,0.013,3.99
2022-12-02,0.791,0.789,0.799,0.788,93835,7433720.0,1.39,-0.13,-0.001,2.35
2022-12-05,0.787,0.781,0.79,0.775,98115,7647630.0,1.9,-1.01,-0.008,2.46
2022-12-06,0.78,0.784,0.794,0.77,117318,9157550.0,3.07,0.38,0.003,2.94
2022-12-07,0.784,0.797,0.804,0.78,133245,10619434.0,3.06,1.66,0.013,3.34
2022-12-08,0.795,0.798,0.808,0.789,70442,5624087.0,2.38,0.13,0.001,1.77
2022-12-09,0.798,0.795,0.798,0.791,52403,4162374.0,0.88,-0.38,-0.003,1.31
2022-12-12,0.795,0.783,0.795,0.78,81679,6409394.0,1.89,-1.51,-0.012,2.05
2022-12-13,0.782,0.768,0.785,0.768,107085,8287537.0,2.17,-1.92,-0.015,2.68
2022-12-14,0.768,0.762,0.774,0.76,67006,5120176.0,1.82,-0.78,-0.006,1.68
2022-12-15,0.762,0.78,0.78,0.76,113621,8732303.0,2.62,2.36,0.018,2.85
2022-12-16,0.777,0.763,0.777,0.76,78668,6019459.0,2.18,-2.18,-0.017,1.97
2022-12-19,0.763,0.767,0.784,0.763,85669,6634784.0,2.75,0.52,0.004,2.15
2022-12-20,0.767,0.758,0.767,0.755,88733,6733465.0,1.56,-1.17,-0.009,2.22
2022-12-21,0.761,0.75,0.761,0.745,71414,5371662.0,2.11,-1.06,-0.008,1.79
2022-12-22,0.75,0.73,0.751,0.726,173696,12811562.0,3.33,-2.67,-0.02,4.35
2022-12-23,0.728,0.721,0.728,0.716,96448,6948840.0,1.64,-1.23,-0.009,2.42
2022-12-26,0.721,0.747,0.75,0.721,98969,7286949.0,4.02,3.61,0.026,2.48
2022-12-27,0.752,0.756,0.756,0.745,115595,8698011.0,1.47,1.2,0.009,2.9
2022-12-28,0.756,0.749,0.756,0.737,115763,8641062.0,2.51,-0.93,-0.007,2.9
2022-12-29,0.744,0.747,0.756,0.744,89801,6743723.0,1.6,-0.27,-0.002,2.25
2022-12-30,0.752,0.744,0.757,0.742,100910,7584363.0,2.01,-0.4,-0.003,2.53
2023-01-03,0.744,0.748,0.751,0.729,151298,11179448.0,2.96,0.54,0.004,3.79
2023-01-04,0.745,0.733,0.745,0.73,137336,10116856.0,2.01,-2.01,-0.015,3.44
2023-01-05,0.735,0.754,0.758,0.733,179310,13388584.0,3.41,2.86,0.021,4.5
2023-01-06,0.754,0.782,0.792,0.747,302886,23595871.0,5.97,3.71,0.028,7.59
2023-01-09,0.782,0.783,0.794,0.778,103981,8179994.0,2.05,0.13,0.001,2.61
2023-01-10,0.784,0.79,0.794,0.777,112456,8840821.0,2.17,0.89,0.007,2.82
2023-01-11,0.79,0.779,0.793,0.779,95795,7522235.0,1.77,-1.39,-0.011,2.4
2023-01-12,0.779,0.79,0.797,0.779,105405,8336177.0,2.31,1.41,0.011,2.64
2023-01-13,0.794,0.789,0.801,0.78,115532,9141529.0,2.66,-0.13,-0.001,2.9
2023-01-16,0.789,0.795,0.8,0.781,110659,8771750.0,2.41,0.76,0.006,2.77
2023-01-17,0.796,0.798,0.805,0.796,87081,6958911.0,1.13,0.38,0.003,2.18
2023-01-18,0.805,0.803,0.808,0.796,74783,6008890.0,1.5,0.63,0.005,1.87
2023-01-19,0.804,0.802,0.804,0.796,87818,7015728.0,1.0,-0.12,-0.001,2.2
2023-01-20,0.807,0.817,0.818,0.801,103994,8452831.0,2.12,1.87,0.015,2.61
2023-01-30,0.832,0.834,0.851,0.832,189399,15974542.0,2.33,2.08,0.017,4.75
2023-01-31,0.835,0.834,0.841,0.825,79074,6612578.0,1.92,0.0,0.0,1.98
2023-02-01,0.832,0.84,0.843,0.828,73985,6186058.0,1.8,0.72,0.006,1.85
2023-02-02,0.848,0.832,0.848,0.828,108208,9045262.0,2.38,-0.95,-0.008,2.71
2023-02-03,0.828,0.817,0.828,0.806,137780,11220425.0,2.64,-1.8,-0.015,3.45
2023-02-06,0.817,0.806,0.817,0.8,120530,9716844.0,2.08,-1.35,-0.011,3.02
2023-02-07,0.805,0.805,0.813,0.799,93524,7537295.0,1.74,-0.12,-0.001,2.34
2023-02-08,0.804,0.805,0.813,0.802,103749,8375927.0,1.37,0.0,0.0,2.6
2023-02-09,0.803,0.811,0.813,0.798,99682,8051268.0,1.86,0.75,0.006,2.5
2023-02-10,0.811,0.8,0.811,0.796,95322,7643692.0,1.85,-1.36,-0.011,2.39
2023-02-13,0.802,0.803,0.807,0.799,75766,6080956.0,1.0,0.38,0.003,1.9
2023-02-14,0.803,0.799,0.807,0.794,95084,7586342.0,1.62,-0.5,-0.004,2.38
2023-02-15,0.799,0.793,0.805,0.791,88392,7048795.0,1.75,-0.75,-0.006,2.22
2023-02-16,0.79,0.78,0.798,0.773,123418,9728336.0,3.15,-1.64,-0.013,3.09
2023-02-17,0.782,0.765,0.782,0.76,131454,10102634.0,2.82,-1.92,-0.015,3.3
2023-02-20,0.765,0.767,0.768,0.747,134600,10171002.0,2.75,0.26,0.002,3.37
2023-02-21,0.767,0.774,0.776,0.761,134810,10355694.0,1.96,0.91,0.007,3.38
2023-02-22,0.768,0.763,0.771,0.762,113393,8674116.0,1.16,-1.42,-0.011,2.84
2023-02-23,0.763,0.773,0.776,0.763,89594,6901531.0,1.7,1.31,0.01,2.25
2023-02-24,0.777,0.763,0.777,0.76,101919,7791451.0,2.2,-1.29,-0.01,2.55
2023-02-27,0.763,0.759,0.769,0.756,70762,5386737.0,1.7,-0.52,-0.004,1.77
2023-02-28,0.76,0.763,0.765,0.752,86002,6512903.0,1.71,0.53,0.004,2.16
2023-03-01,0.758,0.763,0.764,0.756,87589,6653969.0,1.05,0.0,0.0,2.2
2023-03-02,0.763,0.749,0.765,0.748,156025,11758441.0,2.23,-1.83,-0.014,3.91
2023-03-03,0.754,0.75,0.754,0.747,107355,8044796.0,0.93,0.13,0.001,2.69
2023-03-06,0.75,0.763,0.765,0.74,182752,13772034.0,3.33,1.73,0.013,4.58
2023-03-07,0.76,0.754,0.762,0.753,141133,10696417.0,1.18,-1.18,-0.009,3.54
2023-03-08,0.754,0.749,0.758,0.744,106575,7988656.0,1.86,-0.66,-0.005,2.67
2023-03-09,0.748,0.746,0.753,0.744,63678,4759695.0,1.2,-0.4,-0.003,1.6
2023-03-10,0.744,0.739,0.746,0.735,141178,10420779.0,1.47,-0.94,-0.007,3.54
2023-03-13,0.739,0.73,0.742,0.729,109354,8014725.0,1.76,-1.22,-0.009,2.74
2023-03-14,0.728,0.723,0.729,0.708,137597,9866851.0,2.88,-0.96,-0.007,3.45
2023-03-15,0.724,0.723,0.738,0.721,142685,10364623.0,2.35,0.0,0.0,3.58
2023-03-16,0.719,0.7,0.719,0.698,245022,17346251.0,2.9,-3.18,-0.023,6.14
2023-03-17,0.708,0.695,0.71,0.693,190196,13274907.0,2.43,-0.71,-0.005,4.77
2023-03-20,0.695,0.699,0.707,0.685,151613,10569219.0,3.17,0.58,0.004,3.8
2023-03-21,0.7,0.71,0.71,0.694,194095,13623728.0,2.29,1.57,0.011,4.87
2023-03-22,0.713,0.714,0.724,0.71,151586,10859208.0,1.97,0.56,0.004,3.8
2023-03-23,0.712,0.71,0.713,0.706,143287,10160106.0,0.98,-0.56,-0.004,3.59
2023-03-24,0.71,0.712,0.718,0.704,139459,9916637.0,1.97,0.28,0.002,3.5
2023-03-27,0.715,0.717,0.72,0.705,169912,12111904.0,2.11,0.7,0.005,4.26
2023-03-28,0.72,0.71,0.72,0.708,97812,6960551.0,1.67,-0.98,-0.007,2.45
2023-03-29,0.71,0.713,0.72,0.71,113531,8120105.0,1.41,0.42,0.003,2.85
2023-03-30,0.713,0.719,0.719,0.708,117653,8396568.0,1.54,0.84,0.006,2.95
2023-03-31,0.72,0.721,0.731,0.718,165646,11990855.0,1.81,0.28,0.002,4.15
2023-04-03,0.723,0.727,0.731,0.716,174005,12560607.0,2.08,0.83,0.006,4.36
2023-04-04,0.727,0.708,0.727,0.703,267470,18986588.0,3.3,-2.61,-0.019,6.71
2023-04-06,0.703,0.711,0.712,0.7,150410,10601024.0,1.69,0.42,0.003,3.77
2023-04-07,0.712,0.712,0.719,0.709,191425,13644131.0,1.41,0.14,0.001,4.8
2023-04-10,0.718,0.728,0.728,0.711,274570,19748423.0,2.39,2.25,0.016,6.88
2023-04-11,0.728,0.728,0.731,0.721,222691,16154586.0,1.37,0.0,0.0,5.58
2023-04-12,0.727,0.714,0.729,0.711,275294,19685975.0,2.47,-1.92,-0.014,6.9
2023-04-13,0.714,0.708,0.716,0.706,178989,12700716.0,1.4,-0.84,-0.006,4.49
2023-04-14,0.709,0.721,0.725,0.705,274504,19725625.0,2.82,1.84,0.013,6.88
2023-04-17,0.721,0.728,0.732,0.719,324120,23565691.0,1.8,0.97,0.007,8.13
2023-04-18,0.729,0.732,0.739,0.728,304309,22288616.0,1.51,0.55,0.004,7.63
2023-04-19,0.733,0.726,0.735,0.722,214746,15568084.0,1.78,-0.82,-0.006,5.38
2023-04-20,0.725,0.705,0.725,0.701,401030,28383577.0,3.31,-2.89,-0.021,10.05
2023-04-21,0.708,0.7,0.717,0.699,327739,23191782.0,2.55,-0.71,-0.005,8.22
2023-04-24,0.699,0.685,0.699,0.68,435957,29907475.0,2.71,-2.14,-0.015,10.93
2023-04-25,0.686,0.66,0.688,0.655,325777,21673875.0,4.82,-3.65,-0.025,8.17
2023-04-26,0.661,0.695,0.704,0.653,427072,29192647.0,7.73,5.3,0.035,10.71
2023-04-27,0.695,0.695,0.7,0.685,235129,16277190.0,2.16,0.0,0.0,5.89
2023-04-28,0.696,0.693,0.703,0.686,238138,16483007.0,2.45,-0.29,-0.002,5.97
2023-05-04,0.689,0.686,0.7,0.684,191119,13198233.0,2.31,-1.01,-0.007,4.79
2023-05-05,0.687,0.676,0.687,0.668,217707,14690468.0,2.77,-1.46,-0.01,5.46
2023-05-08,0.676,0.681,0.685,0.672,177480,12031663.0,1.92,0.74,0.005,4.45
2023-05-09,0.681,0.67,0.681,0.668,266543,17906970.0,1.91,-1.62,-0.011,6.68
2023-05-10,0.67,0.682,0.686,0.662,311141,20987732.0,3.58,1.79,0.012,7.8
2023-05-11,0.682,0.69,0.699,0.678,259790,17889882.0,3.08,1.17,0.008,6.51
2023-05-12,0.689,0.68,0.697,0.679,174008,11908513.0,2.61,-1.45,-0.01,4.36
2023-05-15,0.68,0.703,0.705,0.68,338449,23665377.0,3.68,3.38,0.023,8.48
2023-05-16,0.709,0.703,0.71,0.7,178093,12549075.0,1.42,0.0,0.0,4.46
2023-05-17,0.704,0.701,0.71,0.696,185564,12977883.0,1.99,-0.28,-0.002,4.65
2023-05-18,0.702,0.69,0.702,0.685,278003,19205828.0,2.43,-1.57,-0.011,6.97
2023-05-19,0.691,0.686,0.691,0.683,147893,10149767.0,1.16,-0.58,-0.004,3.71
2023-05-22,0.688,0.691,0.693,0.681,138842,9544448.0,1.75,0.73,0.005,3.48
2023-05-23,0.691,0.683,0.696,0.683,154699,10665331.0,1.88,-1.16,-0.008,3.88
2023-05-24,0.685,0.687,0.696,0.68,177538,12230718.0,2.34,0.59,0.004,4.45
2023-05-25,0.685,0.689,0.694,0.681,222358,15330370.0,1.89,0.29,0.002,5.57
2023-05-26,0.689,0.673,0.689,0.668,247324,16644636.0,3.05,-2.32,-0.016,6.2
2023-05-29,0.674,0.657,0.674,0.654,247499,16314059.0,2.97,-2.38,-0.016,6.2
2023-05-30,0.657,0.656,0.664,0.648,229872,15053249.0,2.44,-0.15,-0.001,5.76
2023-05-31,0.656,0.648,0.657,0.645,183121,11885936.0,1.83,-1.22,-0.008,4.59
2023-06-01,0.648,0.647,0.659,0.645,189903,12378075.0,2.16,-0.15,-0.001,4.76
2023-06-02,0.649,0.658,0.663,0.647,211262,13890242.0,2.47,1.7,0.011,5.3
2023-06-05,0.661,0.645,0.662,0.642,243270,15726423.0,3.04,-1.98,-0.013,6.1
2023-06-06,0.646,0.639,0.646,0.635,250818,16032739.0,1.71,-0.93,-0.006,6.29
2023-06-07,0.64,0.624,0.64,0.621,311344,19525270.0,2.97,-2.35,-0.015,7.8
2023-06-08,0.625,0.625,0.635,0.624,229732,14451244.0,1.76,0.16,0.001,5.76
2023-06-09,0.624,0.631,0.635,0.624,176330,11094921.0,1.76,0.96,0.006,4.42
2023-06-12,0.632,0.633,0.638,0.625,154126,9734417.0,2.06,0.32,0.002,3.86
2023-06-13,0.633,0.632,0.636,0.629,121358,7669861.0,1.11,-0.16,-0.001,3.04
2023-06-14,0.634,0.627,0.635,0.626,161847,10191924.0,1.42,-0.79,-0.005,4.06
2023-06-15,0.627,0.659,0.66,0.624,430894,27822982.0,5.74,5.1,0.032,10.8
2023-06-16,0.66,0.665,0.666,0.655,284724,18852184.0,1.67,0.91,0.006,7.14
2023-06-19,0.666,0.658,0.666,0.654,183763,12122025.0,1.8,-1.05,-0.007,4.61
2023-06-20,0.66,0.658,0.665,0.654,191938,12655509.0,1.67,0.0,0.0,4.81
2023-06-21,0.655,0.651,0.666,0.65,156899,10324676.0,2.43,-1.06,-0.007,3.93
2023-06-26,0.645,0.654,0.663,0.642,217178,14142724.0,3.23,0.46,0.003,5.44
2023-06-27,0.654,0.654,0.662,0.649,142504,9302542.0,1.99,0.0,0.0,3.57
2023-06-28,0.654,0.659,0.661,0.652,157750,10375777.0,1.38,0.76,0.005,3.95
2023-06-29,0.659,0.655,0.666,0.654,126240,8323531.0,1.82,-0.61,-0.004,3.16
2023-06-30,0.655,0.665,0.67,0.651,229145,15213246.0,2.9,1.53,0.01,5.74
2023-07-03,0.666,0.667,0.675,0.665,147262,9850902.0,1.5,0.3,0.002,3.69
2023-07-04,0.668,0.664,0.668,0.659,175434,11615847.0,1.35,-0.45,-0.003,4.4
2023-07-05,0.664,0.655,0.664,0.654,176988,11628389.0,1.51,-1.36,-0.009,4.44
2023-07-06,0.656,0.648,0.656,0.647,182631,11879424.0,1.37,-1.07,-0.007,4.58
2023-07-07,0.645,0.648,0.648,0.642,162933,10503038.0,0.93,0.0,0.0,4.08
2023-07-10,0.647,0.66,0.666,0.645,281261,18547250.0,3.24,1.85,0.012,7.05
2023-07-11,0.663,0.658,0.663,0.651,148899,9762069.0,1.82,-0.3,-0.002,3.73
2023-07-12,0.661,0.66,0.666,0.651,196729,12970874.0,2.28,0.3,0.002,4.93
2023-07-13,0.661,0.664,0.673,0.661,156273,10392202.0,1.82,0.61,0.004,3.92
2023-07-14,0.664,0.655,0.667,0.653,157885,10361051.0,2.11,-1.36,-0.009,3.96
2023-07-17,0.652,0.647,0.654,0.645,175098,11332245.0,1.37,-1.22,-0.008,4.39
2023-07-18,0.648,0.642,0.65,0.64,214171,13765880.0,1.55,-0.77,-0.005,5.37
2023-07-19,0.643,0.636,0.644,0.632,169098,10763740.0,1.87,-0.93,-0.006,4.24
2023-07-20,0.638,0.638,0.645,0.634,152837,9768102.0,1.73,0.31,0.002,3.83
2023-07-21,0.637,0.629,0.637,0.626,184924,11653236.0,1.72,-1.41,-0.009,4.64
2023-07-24,0.63,0.62,0.63,0.619,220887,13744471.0,1.75,-1.43,-0.009,5.54
2023-07-25,0.626,0.634,0.635,0.625,237526,15003120.0,1.61,2.26,0.014,5.95
2023-07-26,0.634,0.635,0.639,0.632,139960,8894654.0,1.1,0.16,0.001,3.51
2023-07-27,0.64,0.632,0.641,0.63,136433,8667697.0,1.73,-0.47,-0.003,3.42
2023-07-28,0.63,0.639,0.641,0.625,225514,14339116.0,2.53,1.11,0.007,5.65
2023-07-31,0.642,0.649,0.653,0.642,282888,18344400.0,1.72,1.56,0.01,7.09
2023-08-01,0.65,0.643,0.65,0.639,168820,10871030.0,1.69,-0.92,-0.006,4.23
2023-08-02,0.642,0.638,0.645,0.637,105928,6783436.0,1.24,-0.78,-0.005,2.66
2023-08-03,0.638,0.647,0.648,0.638,176185,11372343.0,1.57,1.41,0.009,4.42
2023-08-04,0.65,0.653,0.657,0.646,227563,14838177.0,1.7,0.93,0.006,5.7
2023-08-07,0.651,0.649,0.652,0.646,128172,8306853.0,0.92,-0.61,-0.004,3.21
2023-08-08,0.649,0.646,0.652,0.644,163266,10559340.0,1.23,-0.46,-0.003,4.09
2023-08-09,0.646,0.644,0.647,0.642,114771,7397447.0,0.77,-0.31,-0.002,2.88
2023-08-10,0.644,0.648,0.653,0.644,95823,6225741.0,1.4,0.62,0.004,2.4
2023-08-11,0.648,0.635,0.65,0.634,164705,10560501.0,2.47,-2.01,-0.013,4.13
2023-08-14,0.633,0.626,0.633,0.619,183561,11455537.0,2.2,-1.42,-0.009,4.6
2023-08-15,0.626,0.617,0.627,0.612,209256,12915998.0,2.4,-1.44,-0.009,5.25
2023-08-16,0.616,0.611,0.62,0.609,134174,8242922.0,1.78,-0.97,-0.006,3.36
2023-08-17,0.611,0.612,0.613,0.603,129632,7885686.0,1.64,0.16,0.001,3.25
2023-08-18,0.612,0.608,0.617,0.606,137840,8422761.0,1.8,-0.65,-0.004,3.46
2023-08-21,0.608,0.593,0.608,0.592,236575,14141145.0,2.63,-2.47,-0.015,5.93
2023-08-22,0.593,0.585,0.599,0.574,220605,12881738.0,4.22,-1.35,-0.008,5.53
2023-08-23,0.585,0.57,0.585,0.569,195275,11248057.0,2.74,-2.56,-0.015,4.9
2023-08-24,0.57,0.577,0.582,0.569,182220,10519167.0,2.28,1.23,0.007,4.57
2023-08-25,0.576,0.574,0.579,0.571,179050,10286127.0,1.39,-0.52,-0.003,4.49
2023-08-28,0.593,0.579,0.609,0.576,244658,14408822.0,5.75,0.87,0.005,6.13
2023-08-29,0.577,0.59,0.593,0.576,175681,10302156.0,2.94,1.9,0.011,4.4
2023-08-30,0.594,0.589,0.597,0.587,171986,10163700.0,1.69,-0.17,-0.001,4.31
2023-08-31,0.586,0.582,0.586,0.579,150475,8766484.0,1.19,-1.19,-0.007,3.77
2023-09-01,0.584,0.582,0.585,0.579,135490,7884403.0,1.03,0.0,0.0,3.4
2023-09-04,0.585,0.588,0.589,0.577,133293,7769119.0,2.06,1.03,0.006,3.34
2023-09-05,0.586,0.588,0.591,0.582,143002,8403056.0,1.53,0.0,0.0,3.58
2023-09-06,0.588,0.583,0.588,0.579,149270,8690781.0,1.53,-0.85,-0.005,3.74
2023-09-07,0.583,0.569,0.583,0.568,187073,10719626.0,2.57,-2.4,-0.014,4.69
2023-09-08,0.568,0.559,0.569,0.557,250142,14004496.0,2.11,-1.76,-0.01,6.27
2023-09-11,0.56,0.562,0.566,0.556,196437,11021063.0,1.79,0.54,0.003,4.92
2023-09-12,0.564,0.563,0.569,0.56,165416,9352474.0,1.6,0.18,0.001,4.15
2023-09-13,0.562,0.558,0.564,0.555,146847,8193250.0,1.6,-0.89,-0.005,3.68
2023-09-14,0.557,0.551,0.557,0.549,158654,8755825.0,1.43,-1.25,-0.007,3.98
2023-09-15,0.551,0.545,0.555,0.542,183463,10020095.0,2.36,-1.09,-0.006,4.6
2023-09-18,0.544,0.551,0.556,0.542,189152,10410077.0,2.57,1.1,0.006,4.74
2023-09-19,0.55,0.546,0.55,0.543,149939,8171795.0,1.27,-0.91,-0.005,3.76
2023-09-20,0.546,0.537,0.546,0.537,175956,9494063.0,1.65,-1.65,-0.009,4.41
2023-09-21,0.539,0.533,0.539,0.532,168189,8986810.0,1.3,-0.74,-0.004,4.22
2023-09-22,0.532,0.542,0.542,0.531,200016,10717015.0,2.06,1.69,0.009,5.01
2023-09-25,0.54,0.538,0.542,0.536,188199,10130737.0,1.11,-0.74,-0.004,4.72
2023-09-26,0.539,0.534,0.539,0.533,198291,10630675.0,1.12,-0.74,-0.004,4.97
2023-09-27,0.533,0.544,0.552,0.533,249252,13519356.0,3.56,1.87,0.01,6.25
2023-09-28,0.544,0.544,0.549,0.542,109447,5957398.0,1.29,0.0,0.0,2.74
2023-10-09,0.544,0.538,0.55,0.533,150187,8069856.0,3.13,-1.1,-0.006,3.76
2023-10-10,0.538,0.537,0.544,0.534,144228,7763764.0,1.86,-0.19,-0.001,3.62
2023-10-11,0.538,0.533,0.542,0.531,213472,11434251.0,2.05,-0.74,-0.004,5.35
2023-10-12,0.534,0.545,0.547,0.534,231330,12505656.0,2.44,2.25,0.012,5.8
2023-10-13,0.543,0.535,0.543,0.531,205092,10954789.0,2.2,-1.83,-0.01,5.14
2023-10-16,0.535,0.523,0.536,0.52,241015,12667265.0,2.99,-2.24,-0.012,6.04
2023-10-17,0.521,0.524,0.529,0.521,190894,10034697.0,1.53,0.19,0.001,4.79
2023-10-18,0.525,0.517,0.525,0.516,171475,8892218.0,1.72,-1.34,-0.007,4.3
2023-10-19,0.516,0.511,0.516,0.509,207852,10648226.0,1.35,-1.16,-0.006,5.21
2023-10-20,0.509,0.515,0.52,0.506,257010,13197557.0,2.74,0.78,0.004,6.44
2023-10-23,0.514,0.499,0.514,0.496,253832,12749163.0,3.5,-3.11,-0.016,6.36
2023-10-24,0.498,0.502,0.505,0.498,196479,9852185.0,1.4,0.6,0.003,4.93
2023-10-25,0.504,0.499,0.509,0.498,228669,11507429.0,2.19,-0.6,-0.003,5.73
2023-10-26,0.496,0.495,0.496,0.482,274222,13375438.0,2.81,-0.8,-0.004,6.87
2023-10-27,0.494,0.512,0.515,0.489,407154,20515264.0,5.25,3.43,0.017,10.21
2023-10-30,0.509,0.52,0.521,0.509,315679,16278034.0,2.34,1.56,0.008,7.91
2023-10-31,0.521,0.511,0.521,0.508,183528,9389556.0,2.5,-1.73,-0.009,4.6
2023-11-01,0.512,0.506,0.512,0.504,175029,8884836.0,1.57,-0.98,-0.005,4.39
2023-11-02,0.506,0.497,0.508,0.496,246065,12321149.0,2.37,-1.78,-0.009,6.17
2023-11-03,0.497,0.501,0.504,0.497,166636,8360926.0,1.41,0.8,0.004,4.18
2023-11-06,0.503,0.518,0.52,0.503,389934,20128345.0,3.39,3.39,0.017,9.78
2023-11-07,0.518,0.515,0.518,0.511,212148,10903285.0,1.35,-0.58,-0.003,5.32
2023-11-08,0.516,0.516,0.52,0.512,250067,12914550.0,1.55,0.19,0.001,6.27
2023-11-09,0.516,0.523,0.526,0.515,299499,15653277.0,2.13,1.36,0.007,7.51
2023-11-10,0.522,0.517,0.522,0.514,155748,8040536.0,1.53,-1.15,-0.006,3.9
2023-11-13,0.519,0.517,0.521,0.514,168863,8719289.0,1.35,0.0,0.0,4.23
2023-11-14,0.517,0.515,0.52,0.511,167572,8625196.0,1.74,-0.39,-0.002,4.2
2023-11-15,0.521,0.522,0.526,0.519,229189,11976366.0,1.36,1.36,0.007,5.75
2023-11-16,0.523,0.509,0.523,0.508,330705,16917396.0,2.87,-2.49,-0.013,8.29
2023-11-17,0.507,0.508,0.51,0.505,176616,8961456.0,0.98,-0.2,-0.001,4.43
2023-11-20,0.509,0.509,0.511,0.503,198144,10026055.0,1.57,0.2,0.001,4.97
2023-11-21,0.51,0.507,0.513,0.505,214050,10907801.0,1.57,-0.39,-0.002,5.37
2023-11-22,0.507,0.497,0.507,0.495,251783,12556218.0,2.37,-1.97,-0.01,6.31
2023-11-23,0.496,0.497,0.498,0.491,280534,13849230.0,1.41,0.0,0.0,7.03
2023-11-24,0.496,0.489,0.496,0.488,316688,15528025.0,1.61,-1.61,-0.008,7.94
2023-11-27,0.489,0.479,0.489,0.476,343221,16470993.0,2.66,-2.04,-0.01,8.6
2023-11-28,0.475,0.479,0.48,0.474,212433,10140417.0,1.25,0.0,0.0,5.33
2023-11-29,0.48,0.473,0.48,0.472,198416,9409035.0,1.67,-1.25,-0.006,4.97
2023-11-30,0.47,0.472,0.475,0.468,248453,11699259.0,1.48,-0.21,-0.001,6.23
2023-12-01,0.471,0.468,0.471,0.463,294325,13724749.0,1.69,-0.85,-0.004,7.38
2023-12-04,0.468,0.462,0.468,0.462,248781,11565479.0,1.28,-1.28,-0.006,6.24
2023-12-05,0.462,0.456,0.467,0.456,260080,12028476.0,2.38,-1.3,-0.006,6.52
2023-12-06,0.456,0.467,0.474,0.455,404837,18931985.0,4.17,2.41,0.011,10.15
2023-12-07,0.467,0.464,0.468,0.46,267903,12393828.0,1.71,-0.64,-0.003,6.72
2023-12-08,0.469,0.465,0.469,0.462,231007,10727758.0,1.51,0.22,0.001,5.79
2023-12-11,0.463,0.463,0.463,0.452,309907,14120722.0,2.37,-0.43,-0.002,7.77
2023-12-12,0.461,0.461,0.464,0.459,214014,9863440.0,1.08,-0.43,-0.002,5.36
2023-12-13,0.46,0.449,0.46,0.448,397942,17993977.0,2.6,-2.6,-0.012,9.98
2023-12-14,0.451,0.447,0.456,0.447,211708,9541988.0,2.0,-0.45,-0.002,5.31
2023-12-15,0.447,0.45,0.456,0.446,287041,12960723.0,2.24,0.67,0.003,7.2
2023-12-18,0.448,0.438,0.448,0.435,295974,13052459.0,2.89,-2.67,-0.012,7.42
2023-12-19,0.437,0.44,0.444,0.435,277659,12192673.0,2.05,0.46,0.002,6.96
2023-12-20,0.441,0.437,0.442,0.435,259800,11380491.0,1.59,-0.68,-0.003,6.51
2023-12-21,0.436,0.447,0.451,0.434,433466,19178450.0,3.89,2.29,0.01,10.87
2023-12-22,0.447,0.456,0.461,0.441,481773,21777479.0,4.47,2.01,0.009,12.08
2023-12-25,0.457,0.456,0.459,0.452,262213,11936228.0,1.54,0.0,0.0,6.57
2023-12-26,0.457,0.455,0.457,0.452,262640,11938239.0,1.1,-0.22,-0.001,6.58
2023-12-27,0.454,0.452,0.455,0.448,306988,13839043.0,1.54,-0.66,-0.003,7.7
2023-12-28,0.453,0.482,0.482,0.45,595215,27990655.0,7.08,6.64,0.03,14.92
2023-12-29,0.483,0.479,0.483,0.477,301532,14464316.0,1.24,-0.62,-0.003,7.56
2024-01-02,0.48,0.47,0.482,0.469,258287,12206398.0,2.71,-1.88,-0.009,6.47
2024-01-03,0.469,0.471,0.473,0.466,240388,11279714.0,1.49,0.21,0.001,6.03
2024-01-04,0.471,0.461,0.471,0.458,368488,16997696.0,2.76,-2.12,-0.01,9.24
2024-01-05,0.46,0.456,0.469,0.453,334418,15425807.0,3.47,-1.08,-0.005,8.38
2024-01-08,0.453,0.452,0.461,0.451,273991,12513216.0,2.19,-0.88,-0.004,6.87
2024-01-09,0.452,0.46,0.464,0.445,399360,18227520.0,4.2,1.77,0.008,10.01
2024-01-10,0.457,0.463,0.47,0.453,363059,16790333.0,3.7,0.65,0.003,9.1
2024-01-11,0.46,0.475,0.478,0.46,414370,19428064.0,3.89,2.59,0.012,10.39
2024-01-12,0.474,0.473,0.482,0.47,344082,16378393.0,2.53,-0.42,-0.002,8.63
2024-01-15,0.473,0.466,0.473,0.465,213451,10000582.0,1.69,-1.48,-0.007,5.35
2024-01-16,0.464,0.474,0.477,0.463,343998,16203570.0,3.0,1.72,0.008,8.62
2024-01-17,0.474,0.461,0.474,0.46,318749,14849668.0,2.95,-2.74,-0.013,7.99
2024-01-18,0.459,0.475,0.475,0.456,354208,16473925.0,4.12,3.04,0.014,8.88
2024-01-19,0.475,0.47,0.481,0.469,340253,16129713.0,2.53,-1.05,-0.005,8.53
2024-01-22,0.469,0.455,0.469,0.454,372090,17177254.0,3.19,-3.19,-0.015,9.33
2024-01-23,0.455,0.462,0.47,0.452,322201,14919883.0,3.96,1.54,0.007,8.08
2024-01-24,0.461,0.457,0.466,0.445,370946,16836068.0,4.55,-1.08,-0.005,9.3
2024-01-25,0.457,0.465,0.465,0.45,356913,16288915.0,3.28,1.75,0.008,8.95
2024-01-26,0.464,0.457,0.466,0.455,275259,12670234.0,2.37,-1.72,-0.008,6.9
2024-01-29,0.456,0.434,0.456,0.434,406891,17981629.0,4.81,-5.03,-0.023,10.2
2024-01-30,0.435,0.429,0.436,0.422,272233,11722640.0,3.23,-1.15,-0.005,6.82
2024-01-31,0.425,0.42,0.43,0.417,301805,12785866.0,3.03,-2.1,-0.009,7.57
2024-02-01,0.419,0.418,0.427,0.416,245701,10332403.0,2.62,-0.48,-0.002,6.16
2024-02-02,0.418,0.406,0.419,0.394,340313,13933333.0,5.98,-2.87,-0.012,8.53
2024-02-05,0.405,0.398,0.407,0.382,388861,15406643.0,6.16,-1.97,-0.008,9.75
2024-02-06,0.397,0.421,0.421,0.396,400000,16509342.0,6.28,5.78,0.023,10.03
2024-02-07,0.421,0.426,0.43,0.421,271156,11573045.0,2.14,1.19,0.005,6.8
2024-02-08,0.427,0.435,0.439,0.427,216196,9400163.0,2.82,2.11,0.009,5.42
2024-02-19,0.44,0.435,0.44,0.431,156452,6789003.0,2.07,0.0,0.0,3.92
2024-02-20,0.433,0.432,0.434,0.427,150437,6478876.0,1.61,-0.69,-0.003,3.77
2024-02-21,0.43,0.439,0.446,0.428,273726,12043598.0,4.17,1.62,0.007,6.86
2024-02-22,0.438,0.441,0.444,0.437,204829,9012600.0,1.59,0.46,0.002,5.13
2024-02-23,0.441,0.446,0.448,0.441,163326,7260170.0,1.59,1.13,0.005,4.09
2024-02-26,0.447,0.441,0.447,0.439,191610,8474128.0,1.79,-1.12,-0.005,4.8
2024-02-27,0.441,0.447,0.447,0.438,172998,7653394.0,2.04,1.36,0.006,4.34
2024-02-28,0.448,0.445,0.465,0.444,357657,16309231.0,4.7,-0.45,-0.002,8.97
2024-02-29,0.443,0.46,0.46,0.441,282235,12743392.0,4.27,3.37,0.015,7.08
2024-03-01,0.461,0.461,0.465,0.457,241602,11113780.0,1.74,0.22,0.001,6.06
2024-03-04,0.465,0.463,0.469,0.461,233568,10851896.0,1.74,0.43,0.002,5.86
2024-03-05,0.46,0.459,0.46,0.455,267111,12219060.0,1.08,-0.86,-0.004,6.7
2024-03-06,0.455,0.464,0.472,0.454,268556,12402058.0,3.92,1.09,0.005,6.73
2024-03-07,0.463,0.454,0.467,0.454,221166,10162933.0,2.8,-2.16,-0.01,5.54
2024-03-08,0.454,0.463,0.466,0.454,289859,13394154.0,2.64,1.98,0.009,7.27
2024-03-11,0.468,0.491,0.492,0.468,577812,27941576.0,5.18,6.05,0.028,14.48
2024-03-12,0.494,0.492,0.498,0.489,401826,19813402.0,1.83,0.2,0.001,10.07
2024-03-13,0.492,0.49,0.494,0.487,259233,12689686.0,1.42,-0.41,-0.002,6.5
2024-03-14,0.49,0.484,0.493,0.481,298610,14506205.0,2.45,-1.22,-0.006,7.49
2024-03-15,0.483,0.482,0.485,0.472,314658,15024226.0,2.69,-0.41,-0.002,7.89
2024-03-18,0.484,0.493,0.493,0.484,334552,16361548.0,1.87,2.28,0.011,8.39
2024-03-19,0.491,0.486,0.495,0.485,228834,11203983.0,2.03,-1.42,-0.007,5.74
2024-03-20,0.483,0.486,0.49,0.483,217637,10587432.0,1.44,0.0,0.0,5.46
2024-03-21,0.486,0.482,0.488,0.48,188526,9104032.0,1.65,-0.82,-0.004,4.73
2024-03-22,0.483,0.473,0.483,0.469,211005,9972631.0,2.9,-1.87,-0.009,5.29
2024-03-25,0.472,0.463,0.473,0.463,219551,10250636.0,2.11,-2.11,-0.01,5.5
2024-03-26,0.463,0.473,0.476,0.463,255607,11973388.0,2.81,2.16,0.01,6.41
2024-03-27,0.476,0.459,0.476,0.458,235700,11008715.0,3.81,-2.96,-0.014,5.91
2024-03-28,0.463,0.462,0.468,0.46,151325,7017530.0,1.74,0.65,0.003,3.79
2024-03-29,0.462,0.467,0.471,0.462,209265,9758553.0,1.95,1.08,0.005,5.25
2024-04-01,0.467,0.481,0.483,0.467,218273,10469349.0,3.43,3.0,0.014,5.47
2024-04-02,0.483,0.483,0.486,0.478,216183,10435088.0,1.66,0.42,0.002,5.42
2024-04-03,0.484,0.481,0.486,0.479,175451,8468449.0,1.45,-0.41,-0.002,4.4
2024-04-08,0.479,0.473,0.483,0.473,219704,10515893.0,2.08,-1.66,-0.008,5.51
2024-04-09,0.472,0.482,0.482,0.472,248566,11900028.0,2.11,1.9,0.009,6.23
2024-04-10,0.482,0.473,0.482,0.471,291721,13846524.0,2.28,-1.87,-0.009,7.31
2024-04-11,0.472,0.471,0.475,0.465,215063,10113169.0,2.11,-0.42,-0.002,5.39
2024-04-12,0.471,0.461,0.471,0.459,271721,12616952.0,2.55,-2.12,-0.01,6.81
2024-04-15,0.46,0.467,0.473,0.458,180810,8462896.0,3.25,1.3,0.006,4.53
2024-04-16,0.467,0.457,0.468,0.455,180035,8274049.0,2.78,-2.14,-0.01,4.51
2024-04-17,0.456,0.464,0.464,0.456,136464,6288362.0,1.75,1.53,0.007,3.42
2024-04-18,0.464,0.462,0.468,0.457,121865,5637247.0,2.37,-0.43,-0.002,3.05
2024-04-19,0.46,0.451,0.46,0.449,175053,7923083.0,2.38,-2.38,-0.011,4.39
2024-04-22,0.45,0.451,0.459,0.45,161384,7322068.0,2.0,0.0,0.0,4.05
2024-04-23,0.45,0.444,0.454,0.444,159850,7149114.0,2.22,-1.55,-0.007,4.01
2024-04-24,0.44,0.44,0.444,0.436,152664,6687924.0,1.8,-0.9,-0.004,3.83
2024-04-25,0.437,0.44,0.444,0.433,182423,8017928.0,2.5,0.0,0.0,4.57
2024-04-26,0.44,0.447,0.449,0.438,174977,7769920.0,2.5,1.59,0.007,4.39
2024-04-29,0.45,0.465,0.47,0.448,402900,18576180.0,4.92,4.03,0.018,10.1
2024-04-30,0.464,0.457,0.465,0.456,165891,7604231.0,1.94,-1.72,-0.008,4.16
2024-05-06,0.462,0.465,0.469,0.462,152484,7110721.0,1.53,1.75,0.008,3.82
2024-05-07,0.465,0.467,0.467,0.462,131484,6113739.0,1.08,0.43,0.002,3.3
2024-05-08,0.466,0.46,0.466,0.458,151278,6975672.0,1.71,-1.5,-0.007,3.79
2024-05-09,0.46,0.473,0.475,0.46,203657,9600107.0,3.26,2.83,0.013,5.11
2024-05-10,0.474,0.467,0.474,0.463,138831,6472900.0,2.33,-1.27,-0.006,3.48
2024-05-13,0.462,0.462,0.466,0.456,136528,6298691.0,2.14,-1.07,-0.005,3.42
2024-05-14,0.465,0.459,0.465,0.457,134147,6161334.0,1.73,-0.65,-0.003,3.36
2024-05-15,0.459,0.455,0.465,0.454,115816,5307584.0,2.4,-0.87,-0.004,2.9
2024-05-16,0.456,0.455,0.458,0.452,121595,5526159.0,1.32,0.0,0.0,3.05
2024-05-17,0.455,0.458,0.458,0.448,122176,5525636.0,2.2,0.66,0.003,3.06
2024-05-20,0.457,0.459,0.46,0.455,144545,6616817.0,1.09,0.22,0.001,3.62
2024-05-21,0.457,0.452,0.457,0.45,150381,6798300.0,1.53,-1.53,-0.007,3.77
2024-05-22,0.453,0.469,0.471,0.453,286578,13244236.0,3.98,3.76,0.017,7.18
2024-05-23,0.466,0.46,0.466,0.458,200675,9246224.0,1.71,-1.92,-0.009,5.03
2024-05-24,0.46,0.456,0.463,0.454,183305,8389989.0,1.96,-0.87,-0.004,4.6
2024-05-27,0.459,0.454,0.459,0.448,234520,10568910.0,2.41,-0.44,-0.002,5.88
2024-05-28,0.452,0.45,0.456,0.449,138825,6281050.0,1.54,-0.88,-0.004,3.48
2024-05-29,0.451,0.459,0.466,0.451,306761,14176839.0,3.33,2.0,0.009,7.69
2024-05-30,0.46,0.458,0.465,0.457,191446,8798600.0,1.74,-0.22,-0.001,4.8
2024-05-31,0.458,0.454,0.46,0.453,151382,6907422.0,1.53,-0.87,-0.004,3.79
2024-06-03,0.454,0.456,0.456,0.449,185970,8420322.0,1.54,0.44,0.002,4.66
2024-06-04,0.456,0.461,0.463,0.453,209190,9564747.0,2.19,1.1,0.005,5.24
2024-06-05,0.461,0.458,0.464,0.457,253867,11674098.0,1.52,-0.65,-0.003,6.36
2024-06-06,0.459,0.453,0.462,0.449,251195,11374769.0,2.84,-1.09,-0.005,6.3
2024-06-07,0.452,0.442,0.452,0.435,351985,15501337.0,3.75,-2.43,-0.011,8.82
2024-06-11,0.438,0.439,0.439,0.434,255775,11159360.0,1.13,-0.68,-0.003,6.41
2024-06-12,0.44,0.438,0.44,0.434,173955,7586945.0,1.37,-0.23,-0.001,4.36
2024-06-13,0.437,0.435,0.44,0.435,184727,8074210.0,1.14,-0.68,-0.003,4.63
2024-06-14,0.435,0.435,0.435,0.43,252592,10908861.0,1.15,0.0,0.0,6.33
2024-06-17,0.432,0.435,0.437,0.428,259303,11224348.0,2.07,0.0,0.0,6.5
2024-06-18,0.434,0.435,0.438,0.433,198219,8629991.0,1.15,0.0,0.0,4.97
2024-06-19,0.434,0.43,0.434,0.429,178771,7691440.0,1.15,-1.15,-0.005,4.48
2024-06-20,0.43,0.421,0.43,0.421,225050,9536389.0,2.09,-2.09,-0.009,5.64
2024-06-21,0.422,0.42,0.425,0.418,155942,6558058.0,1.66,-0.24,-0.001,3.91
2024-06-24,0.419,0.413,0.419,0.413,170459,7083491.0,1.43,-1.67,-0.007,4.27
2024-06-25,0.412,0.407,0.413,0.403,155547,6345844.0,2.42,-1.45,-0.006,3.9
2024-06-26,0.406,0.41,0.411,0.4,204155,8265373.0,2.7,0.74,0.003,5.12
2024-06-27,0.411,0.402,0.412,0.402,199693,8078604.0,2.44,-1.95,-0.008,5.01
2024-06-28,0.402,0.4,0.405,0.398,181925,7323501.0,1.74,-0.5,-0.002,4.56
2024-07-01,0.399,0.402,0.402,0.393,192668,7647612.0,2.25,0.5,0.002,4.83
2024-07-02,0.399,0.395,0.399,0.393,188646,7460996.0,1.49,-1.74,-0.007,4.73
2024-07-03,0.394,0.395,0.397,0.391,174773,6895018.0,1.52,0.0,0.0,4.38
2024-07-04,0.396,0.388,0.396,0.388,152191,5964163.0,2.03,-1.77,-0.007,3.82
2024-07-05,0.388,0.39,0.391,0.387,141254,5492702.0,1.03,0.52,0.002,3.54
2024-07-08,0.389,0.383,0.389,0.382,131788,5076998.0,1.79,-1.79,-0.007,3.3
2024-07-09,0.382,0.385,0.386,0.377,241590,9212156.0,2.35,0.52,0.002,6.06
2024-07-10,0.382,0.384,0.392,0.381,134286,5200134.0,2.86,-0.26,-0.001,3.37
2024-07-11,0.386,0.397,0.398,0.386,201427,7930380.0,3.13,3.39,0.013,5.05
2024-07-12,0.398,0.399,0.403,0.396,204441,8155888.0,1.76,0.5,0.002,5.13
2024-07-15,0.398,0.395,0.398,0.394,170354,6740358.0,1.0,-1.0,-0.004,4.27
2024-07-16,0.395,0.403,0.405,0.395,232228,9305005.0,2.53,2.03,0.008,5.82
2024-07-17,0.404,0.404,0.407,0.402,195799,7918417.0,1.24,0.25,0.001,4.91
2024-07-18,0.402,0.409,0.412,0.399,244114,9899411.0,3.22,1.24,0.005,6.12
2024-07-19,0.409,0.415,0.415,0.408,275230,11309861.0,1.71,1.47,0.006,6.9
2024-07-22,0.414,0.413,0.418,0.41,220319,9116606.0,1.93,-0.48,-0.002,5.52
2024-07-23,0.414,0.403,0.414,0.403,194066,7939135.0,2.66,-2.42,-0.01,4.86
2024-07-24,0.405,0.401,0.406,0.4,242160,9768502.0,1.49,-0.5,-0.002,6.07
2024-07-25,0.401,0.409,0.412,0.4,264984,10803022.0,2.99,2.0,0.008,6.64
2024-07-26,0.41,0.41,0.413,0.407,218787,8977262.0,1.47,0.24,0.001,5.48
2024-07-29,0.411,0.403,0.411,0.401,207464,8356132.0,2.44,-1.71,-0.007,5.2
2024-07-30,0.403,0.399,0.403,0.398,144895,5791489.0,1.24,-0.99,-0.004,3.63
2024-07-31,0.399,0.41,0.411,0.395,258298,10395213.0,4.01,2.76,0.011,6.48
2024-08-01,0.409,0.404,0.409,0.402,170108,6879455.0,1.71,-1.46,-0.006,4.26
2024-08-02,0.403,0.397,0.403,0.396,241408,9641419.0,1.73,-1.73,-0.007,6.05
2024-08-05,0.397,0.392,0.403,0.392,240847,9586480.0,2.77,-1.26,-0.005,6.04
2024-08-06,0.394,0.401,0.403,0.394,268161,10735978.0,2.3,2.3,0.009,6.72
2024-08-07,0.401,0.4,0.403,0.399,93352,3743912.0,1.0,-0.25,-0.001,2.34
2024-08-08,0.4,0.398,0.401,0.396,90164,3594164.0,1.25,-0.5,-0.002,2.26
2024-08-09,0.401,0.394,0.401,0.393,113813,4499656.0,2.01,-1.01,-0.004,2.85
2024-08-12,0.399,0.393,0.406,0.39,150796,5938768.0,4.06,-0.25,-0.001,3.78
2024-08-13,0.393,0.395,0.396,0.388,135269,5299827.0,2.04,0.51,0.002,3.39
2024-08-14,0.395,0.391,0.398,0.391,123952,4855481.0,1.77,-1.01,-0.004,3.11
2024-08-15,0.392,0.394,0.397,0.389,126282,4972453.0,2.05,0.77,0.003,3.17
2024-08-16,0.394,0.39,0.395,0.39,109726,4302201.0,1.27,-1.02,-0.004,2.75
2024-08-19,0.39,0.39,0.393,0.389,112266,4376708.0,1.03,0.0,0.0,2.81
2024-08-20,0.39,0.388,0.391,0.385,107489,4161095.0,1.54,-0.51,-0.002,2.69
2024-08-21,0.388,0.383,0.388,0.382,95513,3667002.0,1.55,-1.29,-0.005,2.39
2024-08-22,0.383,0.381,0.385,0.381,93600,3581115.0,1.04,-0.52,-0.002,2.35
2024-08-23,0.38,0.382,0.383,0.379,71972,2742130.0,1.05,0.26,0.001,1.8
2024-08-26,0.382,0.386,0.39,0.382,83451,3226667.0,2.09,1.05,0.004,2.09
2024-08-27,0.386,0.384,0.386,0.379,130380,4988021.0,1.81,-0.52,-0.002,3.27
2024-08-28,0.383,0.383,0.384,0.381,112161,4292124.0,0.78,-0.26,-0.001,2.81
2024-08-29,0.384,0.388,0.392,0.381,172236,6663336.0,2.87,1.31,0.005,4.32
2024-08-30,0.388,0.395,0.399,0.388,263821,10422690.0,2.84,1.8,0.007,6.61
2024-09-02,0.395,0.386,0.395,0.386,113940,4433792.0,2.28,-2.28,-0.009,2.86
2024-09-03,0.388,0.389,0.392,0.385,118341,4603861.0,1.81,0.78,0.003,2.97
2024-09-04,0.389,0.39,0.394,0.387,129997,5073109.0,1.8,0.26,0.001,3.26
2024-09-05,0.39,0.392,0.395,0.39,646808,25410336.0,1.28,0.51,0.002,16.21
2024-09-06,0.39,0.385,0.391,0.383,123983,4787092.0,2.04,-1.79,-0.007,3.11
2024-09-09,0.385,0.381,0.386,0.379,121450,4637991.0,1.82,-1.04,-0.004,3.04
2024-09-10,0.382,0.38,0.382,0.376,156689,5951595.0,1.57,-0.26,-0.001,3.93
2024-09-11,0.381,0.385,0.388,0.379,845123,32617125.0,2.37,1.32,0.005,21.19
2024-09-12,0.385,0.386,0.393,0.385,157749,6155929.0,2.08,0.26,0.001,3.95
2024-09-13,0.385,0.378,0.385,0.378,123458,4712324.0,1.81,-2.07,-0.008,3.09
2024-09-18,0.38,0.377,0.38,0.374,110213,4148085.0,1.59,-0.26,-0.001,2.76
2024-09-19,0.381,0.381,0.385,0.375,150466,5706057.0,2.65,1.06,0.004,3.77
2024-09-20,0.381,0.378,0.381,0.373,149702,5599392.0,2.1,-0.79,-0.003,3.75
2024-09-23,0.377,0.376,0.377,0.373,111925,4195175.0,1.06,-0.53,-0.002,2.81
2024-09-24,0.376,0.392,0.392,0.375,345606,13348591.0,4.52,4.26,0.016,8.66
2024-09-25,0.4,0.394,0.405,0.394,318505,12756109.0,2.81,0.51,0.002,7.98
2024-09-26,0.395,0.406,0.408,0.39,268342,10689101.0,4.57,3.05,0.012,6.73
2024-09-27,0.409,0.435,0.435,0.409,327343,13881567.0,6.4,7.14,0.029,8.21
2024-09-30,0.45,0.479,0.479,0.45,434051,20289386.0,6.67,10.11,0.044,10.88
2024-10-08,0.527,0.527,0.527,0.508,589467,30894893.0,3.97,10.02,0.048,14.78
2024-10-09,0.527,0.501,0.534,0.494,701755,35925885.0,7.59,-4.93,-0.026,17.59
2024-10-10,0.497,0.491,0.508,0.484,454556,22584387.0,4.79,-2.0,-0.01,11.39
2024-10-11,0.487,0.467,0.487,0.46,298159,14023385.0,5.5,-4.89,-0.024,7.47
2024-10-14,0.466,0.476,0.478,0.464,245154,11566049.0,3.0,1.93,0.009,6.15
2024-10-15,0.476,0.462,0.476,0.462,265379,12414040.0,2.94,-2.94,-0.014,6.65
2024-10-16,0.459,0.451,0.459,0.449,272098,12335272.0,2.16,-2.38,-0.011,6.82
2024-10-17,0.452,0.445,0.456,0.445,245473,11071649.0,2.44,-1.33,-0.006,6.15
2024-10-18,0.445,0.468,0.482,0.444,422865,19515381.0,8.54,5.17,0.023,10.6
2024-10-21,0.478,0.48,0.492,0.474,373008,17988244.0,3.85,2.56,0.012,9.35
2024-10-22,0.481,0.489,0.49,0.473,369510,17752552.0,3.54,1.88,0.009,9.26
2024-10-23,0.49,0.504,0.514,0.485,577143,28852920.0,5.93,3.07,0.015,14.47
2024-10-24,0.5,0.488,0.5,0.487,349451,17184206.0,2.58,-3.17,-0.016,8.76
2024-10-25,0.489,0.522,0.53,0.489,815988,41888800.0,8.4,6.97,0.034,20.46
2024-10-28,0.523,0.516,0.523,0.506,391698,20049414.0,3.26,-1.15,-0.006,9.82
2024-10-29,0.52,0.504,0.529,0.502,345525,17656404.0,5.23,-2.33,-0.012,8.66
2024-10-30,0.501,0.5,0.506,0.495,207984,10391326.0,2.18,-0.79,-0.004,5.21
2024-10-31,0.503,0.508,0.514,0.5,310101,15777491.0,2.8,1.6,0.008,7.77
2024-11-01,0.505,0.499,0.507,0.496,242457,12156991.0,2.17,-1.77,-0.009,6.08
2024-11-04,0.502,0.504,0.507,0.497,120582,6070116.0,2.0,1.0,0.005,3.02
2024-11-05,0.504,0.52,0.52,0.501,377767,19412601.0,3.77,3.17,0.016,9.47
2024-11-06,0.521,0.519,0.538,0.515,386605,20401315.0,4.42,-0.19,-0.001,9.69
2024-11-07,0.511,0.521,0.521,0.505,325613,16729572.0,3.08,0.39,0.002,8.16
2024-11-08,0.525,0.517,0.535,0.516,300046,15746765.0,3.65,-0.77,-0.004,7.52
2024-11-11,0.518,0.536,0.536,0.513,979471,51669442.0,4.45,3.68,0.019,24.55
2024-11-12,0.54,0.533,0.552,0.528,808164,43883853.0,4.48,-0.56,-0.003,20.26
2024-11-13,0.531,0.54,0.541,0.525,287376,15325143.0,3.0,1.31,0.007,7.2
2024-11-14,0.543,0.524,0.545,0.523,206238,11001474.0,4.07,-2.96,-0.016,5.17
2024-11-15,0.522,0.508,0.524,0.507,234388,12065814.0,3.24,-3.05,-0.016,5.88
2024-11-18,0.507,0.501,0.513,0.497,220793,11136772.0,3.15,-1.38,-0.007,5.53
2024-11-19,0.501,0.515,0.516,0.496,232770,11774015.0,3.99,2.79,0.014,5.84
2024-11-20,0.515,0.513,0.517,0.508,150057,7685357.0,1.75,-0.39,-0.002,3.76
2024-11-21,0.515,0.515,0.52,0.511,171739,8849486.0,1.75,0.39,0.002,4.31
2024-11-22,0.514,0.497,0.514,0.497,208649,10527443.0,3.3,-3.5,-0.018,5.23
2024-11-25,0.495,0.5,0.504,0.493,202610,10091601.0,2.21,0.6,0.003,5.08
2024-11-26,0.5,0.492,0.503,0.49,180190,8915201.0,2.6,-1.6,-0.008,4.52
2024-11-27,0.492,0.5,0.501,0.484,187217,9225741.0,3.46,1.63,0.008,4.69
2024-11-28,0.499,0.494,0.503,0.494,174306,8690712.0,1.8,-1.2,-0.006,4.37
2024-11-29,0.496,0.502,0.507,0.495,190881,9574852.0,2.43,1.62,0.008,4.79
2024-12-02,0.501,0.505,0.505,0.491,190713,9564516.0,2.79,0.6,0.003,4.78
2024-12-03,0.504,0.505,0.508,0.501,202983,10218926.0,1.39,0.0,0.0,5.09
2024-12-04,0.505,0.496,0.505,0.494,211548,10518355.0,2.18,-1.78,-0.009,5.3
2024-12-05,0.496,0.494,0.496,0.491,177991,8778011.0,1.01,-0.4,-0.002,4.46
2024-12-06,0.494,0.5,0.502,0.486,212499,10530771.0,3.24,1.21,0.006,5.33
2024-12-09,0.5,0.497,0.501,0.494,207838,10341052.0,1.4,-0.6,-0.003,5.21
2024-12-10,0.51,0.496,0.514,0.495,245480,12333580.0,3.82,-0.2,-0.001,6.15
2024-12-11,0.495,0.494,0.499,0.493,168448,8345904.0,1.21,-0.4,-0.002,4.22
2024-12-12,0.494,0.498,0.5,0.49,188233,9334736.0,2.02,0.81,0.004,4.72
2024-12-13,0.497,0.489,0.497,0.488,204617,10041129.0,1.81,-1.81,-0.009,5.13
2024-12-16,0.489,0.481,0.489,0.479,169615,8177910.0,2.04,-1.64,-0.008,4.25
2024-12-17,0.481,0.482,0.488,0.481,159036,7707606.0,1.46,0.21,0.001,3.99
2024-12-18,0.488,0.48,0.488,0.479,128005,6171138.0,1.87,-0.41,-0.002,3.21
2024-12-19,0.477,0.479,0.479,0.474,134194,6387420.0,1.04,-0.21,-0.001,3.36
2024-12-20,0.479,0.475,0.479,0.473,129329,6146930.0,1.25,-0.84,-0.004,3.24
2024-12-23,0.474,0.475,0.481,0.473,315362,15018361.0,1.68,0.0,0.0,7.91
2024-12-24,0.475,0.483,0.483,0.475,421546,20242116.0,1.68,1.68,0.008,10.57
2024-12-25,0.483,0.478,0.483,0.474,403943,19269938.0,1.86,-1.04,-0.005,10.13
2024-12-26,0.478,0.476,0.48,0.474,267221,12727781.0,1.26,-0.42,-0.002,6.7
2024-12-27,0.474,0.474,0.477,0.47,170130,8056326.0,1.47,-0.42,-0.002,4.26
2024-12-30,0.473,0.475,0.478,0.472,186358,8852788.0,1.27,0.21,0.001,4.67
2024-12-31,0.478,0.468,0.478,0.468,243321,11474430.0,2.11,-1.47,-0.007,6.1
2025-01-02,0.467,0.454,0.468,0.451,256327,11745946.0,3.63,-2.99,-0.014,6.43
2025-01-03,0.454,0.447,0.458,0.446,237863,10773236.0,2.64,-1.54,-0.007,5.96
2025-01-06,0.448,0.45,0.454,0.446,207903,9342672.0,1.79,0.67,0.003,5.21
2025-01-07,0.45,0.45,0.45,0.443,144708,6474160.0,1.56,0.0,0.0,3.63
2025-01-08,0.449,0.448,0.453,0.442,174860,7833965.0,2.44,-0.44,-0.002,4.38
2025-01-09,0.447,0.449,0.453,0.446,150600,6762793.0,1.56,0.22,0.001,3.78
2025-01-10,0.447,0.439,0.448,0.438,189250,8372905.0,2.23,-2.23,-0.01,4.74
2025-01-13,0.435,0.438,0.441,0.434,150954,6614072.0,1.59,-0.23,-0.001,3.78
2025-01-14,0.438,0.452,0.453,0.438,224087,10002078.0,3.42,3.2,0.014,5.62
2025-01-15,0.451,0.449,0.453,0.446,97123,4357528.0,1.55,-0.66,-0.003,2.43
2025-01-16,0.449,0.451,0.457,0.446,206652,9305085.0,2.45,0.45,0.002,5.18
2025-01-17,0.45,0.452,0.454,0.447,131947,5946241.0,1.55,0.22,0.001,3.31
2025-01-20,0.454,0.458,0.463,0.454,218207,10039793.0,1.99,1.33,0.006,5.47
2025-01-21,0.46,0.454,0.462,0.452,131398,5973846.0,2.18,-0.87,-0.004,3.29
2025-01-22,0.452,0.449,0.452,0.445,151691,6788194.0,1.54,-1.1,-0.005,3.8
2025-01-23,0.45,0.447,0.454,0.446,178507,8025270.0,1.78,-0.45,-0.002,4.47
2025-01-24,0.447,0.451,0.454,0.446,148951,6716857.0,1.79,0.89,0.004,3.73
2025-01-27,0.45,0.448,0.454,0.447,185810,8351234.0,1.55,-0.67,-0.003,4.66
2025-02-05,0.449,0.444,0.449,0.441,190447,8442482.0,1.79,-0.89,-0.004,4.77
2025-02-06,0.444,0.449,0.45,0.44,206597,9230001.0,2.25,1.13,0.005,5.18
2025-02-07,0.451,0.461,0.465,0.45,248959,11414373.0,3.34,2.67,0.012,6.24
2025-02-10,0.461,0.457,0.461,0.452,167355,7621343.0,1.95,-0.87,-0.004,4.2
2025-02-11,0.457,0.452,0.457,0.449,127012,5725247.0,1.75,-1.09,-0.005,3.18
2025-02-12,0.45,0.455,0.455,0.448,150449,6792333.0,1.55,0.66,0.003,3.77
2025-02-13,0.455,0.454,0.458,0.453,150064,6837112.0,1.1,-0.22,-0.001,3.76
2025-02-14,0.453,0.457,0.459,0.45,112193,5128940.0,1.98,0.66,0.003,2.81
2025-02-17,0.457,0.458,0.458,0.453,231114,10534965.0,1.09,0.22,0.001,5.79
2025-02-18,0.459,0.456,0.464,0.454,170264,7822860.0,2.18,-0.44,-0.002,4.27
2025-02-19,0.455,0.459,0.461,0.452,152827,6992259.0,1.97,0.66,0.003,3.83
2025-02-20,0.462,0.456,0.462,0.454,118855,5417811.0,1.74,-0.65,-0.003,2.98
2025-02-21,0.458,0.462,0.463,0.456,167194,7687733.0,1.54,1.32,0.006,4.19
2025-02-24,0.463,0.463,0.465,0.458,150970,6971532.0,1.52,0.22,0.001,3.78
2025-02-25,0.462,0.462,0.465,0.458,137978,6376574.0,1.51,-0.22,-0.001,3.46
2025-02-26,0.462,0.47,0.47,0.462,217375,10139903.0,1.73,1.73,0.008,5.45
2025-02-27,0.475,0.471,0.475,0.465,235956,11074040.0,2.13,0.21,0.001,5.92
2025-02-28,0.471,0.462,0.474,0.462,178724,8366134.0,2.55,-1.91,-0.009,4.48
2025-03-03,0.466,0.473,0.481,0.463,315391,14973448.0,3.9,2.38,0.011,7.91
2025-03-04,0.472,0.466,0.472,0.462,202286,9398257.0,2.11,-1.48,-0.007,5.07
2025-03-05,0.466,0.461,0.467,0.458,207635,9566163.0,1.93,-1.07,-0.005,5.21
2025-03-06,0.462,0.467,0.467,0.46,210163,9771216.0,1.52,1.3,0.006,5.27
2025-03-07,0.466,0.463,0.467,0.461,180590,8368766.0,1.28,-0.86,-0.004,4.53
2025-03-10,0.463,0.464,0.466,0.459,157055,7255455.0,1.51,0.22,0.001,3.94
2025-03-11,0.462,0.465,0.465,0.459,133926,6179329.0,1.29,0.22,0.001,3.36
2025-03-12,0.465,0.464,0.467,0.462,88406,4099027.0,1.08,-0.22,-0.001,2.22
2025-03-13,0.464,0.462,0.466,0.459,141758,6559507.0,1.51,-0.43,-0.002,3.55
2025-03-14,0.462,0.469,0.469,0.461,152274,7111251.0,1.73,1.52,0.007,3.82
2025-03-17,0.47,0.47,0.473,0.467,220184,10342519.0,1.28,0.21,0.001,5.52
2025-03-18,0.472,0.47,0.472,0.467,192340,9014724.0,1.06,0.0,0.0,4.82
2025-03-19,0.47,0.471,0.475,0.465,146696,6905352.0,2.13,0.21,0.001,3.68
2025-03-20,0.47,0.468,0.471,0.467,92333,4325748.0,0.85,-0.64,-0.003,2.31
2025-03-21,0.468,0.46,0.469,0.459,146067,6768755.0,2.14,-1.71,-0.008,3.66
2025-03-24,0.462,0.46,0.462,0.454,122568,5616850.0,1.74,0.0,0.0,3.07
2025-03-25,0.46,0.465,0.466,0.459,140753,6531475.0,1.52,1.09,0.005,3.53
2025-03-26,0.466,0.466,0.469,0.464,103986,4854189.0,1.08,0.22,0.001,2.61
2025-03-27,0.465,0.462,0.466,0.459,133896,6196883.0,1.5,-0.86,-0.004,3.36
2025-03-28,0.462,0.459,0.466,0.457,146776,6756749.0,1.95,-0.65,-0.003,3.68
2025-03-31,0.458,0.449,0.458,0.447,200790,9049720.0,2.4,-2.18,-0.01,5.03
2025-04-01,0.45,0.453,0.456,0.449,215913,9788954.0,1.56,0.89,0.004,5.41
2025-04-02,0.453,0.453,0.455,0.451,103308,4682083.0,0.88,0.0,0.0,2.59
2025-04-03,0.449,0.444,0.449,0.443,261707,11644223.0,1.32,-1.99,-0.009,6.56
2025-04-07,0.43,0.4,0.43,0.4,255227,10388061.0,6.76,-9.91,-0.044,6.4
2025-04-08,0.4,0.398,0.403,0.393,212511,8428439.0,2.5,-0.5,-0.002,5.33
2025-04-09,0.398,0.398,0.402,0.385,212253,8408639.0,4.27,0.0,0.0,5.32
2025-04-10,0.404,0.407,0.413,0.404,146301,5980863.0,2.26,2.26,0.009,3.67
2025-04-11,0.404,0.409,0.412,0.404,88270,3595901.0,1.97,0.49,0.002,2.21
2025-04-14,0.412,0.412,0.415,0.411,73871,3051187.0,0.98,0.73,0.003,1.85
2025-04-15,0.412,0.413,0.415,0.41,113089,4659365.0,1.21,0.24,0.001,2.83
2025-04-16,0.413,0.408,0.413,0.404,122325,4970037.0,2.18,-1.21,-0.005,3.07
2025-04-17,0.404,0.408,0.409,0.404,94825,3869155.0,1.23,0.0,0.0,2.38
2025-04-18,0.405,0.409,0.41,0.404,75037,3059236.0,1.47,0.25,0.001,1.88
2025-04-21,0.411,0.415,0.415,0.407,74457,3074792.0,1.96,1.47,0.006,1.87
2025-04-22,0.415,0.414,0.416,0.413,89104,3694753.0,0.72,-0.24,-0.001,2.23
2025-04-23,0.415,0.418,0.42,0.415,111935,4674772.0,1.21,0.97,0.004,2.81
2025-04-24,0.418,0.417,0.422,0.416,107256,4493294.0,1.44,-0.24,-0.001,2.69
2025-04-25,0.42,0.421,0.422,0.415,60175,2525814.0,1.68,0.96,0.004,1.51
2025-04-28,0.422,0.42,0.425,0.42,100337,4233555.0,1.19,-0.24,-0.001,2.52
2025-04-29,0.42,0.417,0.42,0.416,131241,5482950.0,0.95,-0.71,-0.003,3.29
2025-04-30,0.417,0.416,0.419,0.415,159930,6672792.0,0.96,-0.24,-0.001,4.01
2025-05-06,0.417,0.424,0.424,0.417,149334,6300951.0,1.68,1.92,0.008,3.74
2025-05-07,0.427,0.426,0.432,0.423,104874,4476876.0,2.12,0.47,0.002,2.63
2025-05-08,0.427,0.434,0.435,0.425,143459,6193071.0,2.35,1.88,0.008,3.6
2025-05-09,0.435,0.432,0.435,0.428,86389,3720687.0,1.61,-0.46,-0.002,2.17
2025-05-12,0.434,0.442,0.442,0.434,187551,8234143.0,1.85,2.31,0.01,4.7
2025-05-13,0.444,0.443,0.447,0.442,124215,5513965.0,1.13,0.23,0.001,3.11
2025-05-14,0.443,0.444,0.445,0.439,120157,5308562.0,1.35,0.23,0.001,3.01
2025-05-15,0.444,0.438,0.444,0.437,157891,6927340.0,1.58,-1.35,-0.006,3.96
2025-05-16,0.439,0.439,0.441,0.437,88715,3890388.0,0.91,0.23,0.001,2.22
2025-05-19,0.439,0.438,0.439,0.434,57772,2524862.0,1.14,-0.23,-0.001,1.45
2025-05-20,0.438,0.44,0.441,0.436,111570,4894760.0,1.14,0.46,0.002,2.8
2025-05-21,0.44,0.444,0.447,0.44,121514,5407236.0,1.59,0.91,0.004,3.05
2025-05-22,0.443,0.438,0.443,0.438,118262,5201694.0,1.13,-1.35,-0.006,2.96
2025-05-23,0.438,0.433,0.442,0.433,123662,5414306.0,2.05,-1.14,-0.005,3.1
2025-05-26,0.433,0.43,0.434,0.427,87837,3781071.0,1.62,-0.69,-0.003,2.2
2025-05-27,0.43,0.428,0.43,0.426,64309,2747599.0,0.93,-0.47,-0.002,1.61
2025-05-28,0.428,0.426,0.429,0.424,108586,4626457.0,1.17,-0.47,-0.002,2.72
2025-05-29,0.426,0.427,0.429,0.424,62326,2663367.0,1.17,0.23,0.001,1.56
2025-05-30,0.425,0.424,0.427,0.422,35744,1514109.0,1.17,-0.7,-0.003,0.9
2025-06-03,0.425,0.423,0.425,0.421,30554,1292983.0,0.94,-0.24,-0.001,0.77
2025-06-04,0.425,0.427,0.428,0.424,45920,1958758.0,0.95,0.95,0.004,1.15
2025-06-05,0.427,0.428,0.428,0.424,72248,3081204.0,0.94,0.23,0.001,1.81
2025-06-06,0.428,0.427,0.429,0.426,41023,1751170.0,0.7,-0.23,-0.001,1.03
2025-06-09,0.429,0.429,0.431,0.427,38839,1665403.0,0.94,0.47,0.002,0.97
2025-06-10,0.429,0.427,0.431,0.423,67262,2870935.0,1.86,-0.47,-0.002,1.69
2025-06-11,0.426,0.43,0.433,0.426,109307,4712352.0,1.64,0.7,0.003,2.74
2025-06-12,0.43,0.429,0.43,0.428,73865,3171177.0,0.47,-0.23,-0.001,1.85
2025-06-13,0.428,0.428,0.43,0.425,69176,2955478.0,1.17,-0.23,-0.001,1.73
2025-06-16,0.428,0.427,0.429,0.425,62883,2683156.0,0.93,-0.23,-0.001,1.58
2025-06-17,0.427,0.427,0.43,0.425,51682,2209077.0,1.17,0.0,0.0,1.3
2025-06-18,0.428,0.43,0.431,0.428,54062,2321559.0,0.7,0.7,0.003,1.36
2025-06-19,0.43,0.425,0.432,0.424,127698,5457568.0,1.86,-1.16,-0.005,3.2
2025-06-20,0.425,0.424,0.431,0.423,83671,3562208.0,1.88,-0.24,-0.001,2.1
2025-06-23,0.423,0.429,0.429,0.415,66341,2828653.0,3.3,1.18,0.005,1.66
2025-06-24,0.429,0.437,0.438,0.426,100838,4383069.0,2.8,1.86,0.008,2.53
2025-06-25,0.437,0.443,0.443,0.436,151770,6676528.0,1.6,1.37,0.006,3.8
2025-06-26,0.444,0.438,0.444,0.437,112270,4941119.0,1.58,-1.13,-0.005,2.81
2025-06-27,0.438,0.438,0.444,0.437,93053,4088101.0,1.6,0.0,0.0,2.33
2025-06-30,0.439,0.442,0.443,0.438,76315,3370529.0,1.14,0.91,0.004,1.91
2025-07-01,0.442,0.443,0.444,0.439,133399,5894181.0,1.13,0.23,0.001,3.34
2025-07-02,0.442,0.443,0.444,0.44,155314,6868296.0,0.9,0.0,0.0,3.89
2025-07-03,0.444,0.45,0.451,0.442,118735,5309994.0,2.03,1.58,0.007,2.98
2025-07-04,0.452,0.445,0.452,0.444,168835,7534696.0,1.78,-1.11,-0.005,4.23
2025-07-07,0.444,0.444,0.447,0.443,94530,4195292.0,0.9,-0.22,-0.001,2.37
2025-07-08,0.445,0.456,0.457,0.445,143886,6517838.0,2.7,2.7,0.012,3.61
2025-07-09,0.456,0.455,0.459,0.454,152598,6972322.0,1.1,-0.22,-0.001,3.83
2025-07-10,0.455,0.459,0.46,0.455,150334,6890240.0,1.1,0.88,0.004,3.77
2025-07-11,0.459,0.457,0.461,0.455,160361,7354922.0,1.31,-0.44,-0.002,4.02
2025-07-14,0.457,0.458,0.46,0.455,124614,5705004.0,1.09,0.22,0.001,3.12
2025-07-15,0.459,0.454,0.46,0.45,152227,6911086.0,2.18,-0.87,-0.004,3.82
2025-07-16,0.453,0.453,0.455,0.45,90800,4105242.0,1.1,-0.22,-0.001,2.28
2025-07-17,0.453,0.454,0.456,0.451,67423,3055851.0,1.1,0.22,0.001,1.69
2025-07-18,0.453,0.456,0.459,0.453,155470,7083465.0,1.32,0.44,0.002,3.9
2025-07-21,0.457,0.462,0.462,0.457,126505,5818792.0,1.1,1.32,0.006,3.17
2025-07-22,0.462,0.469,0.469,0.46,125980,5857416.0,1.95,1.52,0.007,3.16
2025-07-23,0.47,0.464,0.471,0.463,220349,10296985.0,1.71,-1.07,-0.005,5.52
2025-07-24,0.464,0.473,0.474,0.464,315390,14858999.0,2.16,1.94,0.009,7.91
2025-07-25,0.473,0.472,0.475,0.47,129588,6119496.0,1.06,-0.21,-0.001,3.25
2025-07-28,0.472,0.472,0.475,0.467,113872,5370028.0,1.69,0.0,0.0,2.85
2025-07-29,0.471,0.476,0.477,0.47,108840,5159882.0,1.48,0.85,0.004,2.73
2025-07-30,0.476,0.469,0.478,0.466,162189,7634004.0,2.52,-1.47,-0.007,4.07
2025-07-31,0.469,0.457,0.469,0.456,225019,10377266.0,2.77,-2.56,-0.012,5.64
2025-08-01,0.459,0.459,0.464,0.457,108402,4994067.0,1.53,0.44,0.002,2.72
2025-08-04,0.457,0.461,0.461,0.455,86906,3972829.0,1.31,0.44,0.002,2.18
2025-08-05,0.46,0.462,0.464,0.46,83437,3849519.0,0.87,0.22,0.001,2.09
2025-08-06,0.463,0.464,0.465,0.461,71874,3328632.0,0.87,0.43,0.002,1.8
2025-08-07,0.465,0.46,0.466,0.458,99897,4608973.0,1.72,-0.86,-0.004,2.5
2025-08-08,0.46,0.468,0.473,0.46,209038,9791519.0,2.83,1.74,0.008,5.24
2025-08-11,0.47,0.477,0.478,0.469,222112,10542586.0,1.92,1.92,0.009,5.57
2025-08-12,0.479,0.478,0.479,0.471,143683,6823415.0,1.68,0.21,0.001,3.6
2025-08-13,0.478,0.484,0.486,0.478,200087,9642942.0,1.67,1.26,0.006,5.02
2025-08-14,0.484,0.48,0.487,0.477,281010,13540228.0,2.07,-0.83,-0.004,7.04
2025-08-15,0.48,0.493,0.496,0.48,279422,13712178.0,3.33,2.71,0.013,7.0
2025-08-18,0.495,0.499,0.503,0.494,195378,9729183.0,1.83,1.22,0.006,4.9
2025-08-19,0.5,0.496,0.502,0.494,159618,7930652.0,1.6,-0.6,-0.003,4.0
2025-08-20,0.497,0.501,0.501,0.49,198469,9819142.0,2.22,1.01,0.005,4.98
2025-08-21,0.501,0.497,0.502,0.495,147902,7363683.0,1.4,-0.8,-0.004,3.71
2025-08-22,0.498,0.508,0.509,0.497,174398,8814512.0,2.41,2.21,0.011,4.37
2025-08-25,0.51,0.521,0.524,0.51,302073,15627931.0,2.76,2.56,0.013,7.57
2025-08-26,0.521,0.516,0.521,0.513,232707,12028927.0,1.54,-0.96,-0.005,5.83
2025-08-27,0.515,0.509,0.525,0.508,241305,12475471.0,3.29,-1.36,-0.007,6.05
2025-08-28,0.509,0.519,0.519,0.507,244441,12562386.0,2.36,1.96,0.01,6.13
2025-08-29,0.521,0.537,0.543,0.518,341016,18160515.0,4.82,3.47,0.018,8.55
2025-09-01,0.541,0.539,0.542,0.532,379851,20383496.0,1.86,0.37,0.002,9.52
2025-09-02,0.538,0.532,0.548,0.527,326185,17531107.0,3.9,-1.3,-0.007,8.18
2025-09-03,0.532,0.552,0.552,0.532,538386,29354136.0,3.76,3.76,0.02,13.5
2025-09-04,0.555,0.549,0.573,0.54,905669,50603437.0,5.98,-0.54,-0.003,22.7
2025-09-05,0.541,0.604,0.604,0.541,919419,53296069.0,11.48,10.02,0.055,23.05
2025-09-08,0.62,0.605,0.621,0.595,1446403,87396654.0,4.3,0.17,0.001,36.26
2025-09-09,0.6,0.592,0.602,0.585,798264,47343562.0,2.81,-2.15,-0.013,20.01
2025-09-10,0.585,0.581,0.588,0.575,571393,33179716.0,2.2,-1.86,-0.011,14.32
2025-09-11,0.58,0.599,0.599,0.573,746353,43971892.0,4.48,3.1,0.018,18.71
2025-09-12,0.599,0.598,0.603,0.59,521968,31150524.0,2.17,-0.17,-0.001,13.08
2025-09-15,0.6,0.608,0.628,0.599,839385,51617443.0,4.85,1.67,0.01,21.04
2025-09-16,0.607,0.607,0.611,0.595,538539,32457447.0,2.63,-0.16,-0.001,13.5
2025-09-17,0.603,0.615,0.621,0.6,466605,28547179.0,3.46,1.32,0.008,11.7
2025-09-18,0.616,0.606,0.621,0.6,504875,30904327.0,3.41,-1.46,-0.009,12.66
2025-09-19,0.608,0.607,0.616,0.603,413515,25197510.0,2.15,0.17,0.001,10.37
2025-09-22,0.605,0.606,0.61,0.598,349870,21067279.0,1.98,-0.16,-0.001,8.77
2025-09-23,0.604,0.611,0.62,0.598,525514,31917612.0,3.63,0.83,0.005,13.17
2025-09-24,0.61,0.633,0.634,0.606,654559,40787776.0,4.58,3.6,0.022,16.41
2025-09-25,0.641,0.647,0.652,0.632,410067,26310151.0,3.16,2.21,0.014,10.28
2025-09-26,0.642,0.641,0.658,0.641,359997,23360868.0,2.63,-0.93,-0.006,9.02
2025-09-29,0.651,0.668,0.673,0.651,454390,30134642.0,3.43,4.21,0.027,11.39
2025-09-30,0.668,0.684,0.685,0.666,409887,27794902.0,2.84,2.4,0.016,10.28
2025-10-09,0.699,0.7,0.704,0.685,491441,34147196.0,2.78,2.34,0.016,12.32
2025-10-10,0.697,0.657,0.697,0.651,752736,50257785.0,6.57,-6.14,-0.043,18.87
2025-10-13,0.63,0.66,0.663,0.622,495933,32052901.0,6.24,0.46,0.003,12.43
2025-10-14,0.67,0.639,0.676,0.635,495468,32529585.0,6.21,-3.18,-0.021,12.42
2025-10-15,0.636,0.651,0.654,0.63,323532,20764835.0,3.76,1.88,0.012,8.11
2025-10-16,0.65,0.657,0.664,0.64,269141,17665275.0,3.69,0.92,0.006,6.75
2025-10-17,0.658,0.624,0.658,0.621,409565,25922890.0,5.63,-5.02,-0.033,10.27
2025-10-20,0.627,0.627,0.637,0.623,223822,14074800.0,2.24,0.48,0.003,5.61
2025-10-21,0.631,0.642,0.644,0.628,255397,16324314.0,2.55,2.39,0.015,6.4
2025-10-22,0.64,0.633,0.641,0.629,193094,12247211.0,1.87,-1.4,-0.009,4.84
2025-10-23,0.634,0.641,0.642,0.624,205184,12997901.0,2.84,1.26,0.008,5.14
2025-10-24,0.642,0.659,0.659,0.642,274351,17916514.0,2.65,2.81,0.018,6.88
2025-10-27,0.665,0.664,0.67,0.655,418952,27805540.0,2.28,0.76,0.005,10.5
2025-10-28,0.661,0.657,0.667,0.655,222906,14704767.0,1.81,-1.05,-0.007,5.59
2025-10-29,0.657,0.694,0.697,0.657,659009,45044767.0,6.09,5.63,0.037,16.52
2025-10-30,0.697,0.696,0.707,0.694,485889,34015430.0,1.87,0.29,0.002,12.18
2025-10-31,0.699,0.687,0.712,0.685,438319,30687611.0,3.88,-1.29,-0.009,10.99
2025-11-03,0.691,0.696,0.696,0.671,321553,22019021.0,3.64,1.31,0.009,8.06
2025-11-04,0.69,0.675,0.694,0.67,318840,21632892.0,3.45,-3.02,-0.021,7.99
2025-11-05,0.66,0.696,0.701,0.66,478041,32665347.0,6.07,3.11,0.021,11.98
2025-11-06,0.697,0.709,0.717,0.697,405690,28754044.0,2.87,1.87,0.013,10.17
2025-11-07,0.709,0.715,0.721,0.7,367409,26178281.0,2.96,0.85,0.006,9.21
2025-11-10,0.72,0.705,0.726,0.698,433540,30718102.0,3.92,-1.4,-0.01,10.87
2025-11-11,0.706,0.705,0.718,0.701,328433,23301302.0,2.41,0.0,0.0,8.23
2025-11-12,0.702,0.688,0.703,0.68,324220,22296501.0,3.26,-2.41,-0.017,8.13
2025-11-13,0.688,0.716,0.724,0.688,533252,37984885.0,5.23,4.07,0.028,13.37
2025-11-14,0.71,0.704,0.718,0.702,344750,24461978.0,2.23,-1.68,-0.012,8.64
2025-11-17,0.701,0.698,0.705,0.689,201704,14039230.0,2.27,-0.85,-0.006,5.06
2025-11-18,0.697,0.674,0.7,0.668,528134,35811879.0,4.58,-3.44,-0.024,13.24
2025-11-19,0.674,0.675,0.682,0.67,325459,21977666.0,1.78,0.15,0.001,8.16
2025-11-20,0.677,0.666,0.683,0.663,378447,25428729.0,2.96,-1.33,-0.009,9.49
2025-11-21,0.652,0.634,0.664,0.632,389421,24948582.0,4.8,-4.8,-0.032,9.76
2025-11-24,0.634,0.632,0.64,0.627,278609,17611885.0,2.05,-0.32,-0.002,6.98
2025-11-25,0.638,0.643,0.652,0.637,302880,19530204.0,2.37,1.74,0.011,7.59
2025-11-26,0.646,0.648,0.657,0.64,300755,19513162.0,2.64,0.78,0.005,7.54
2025-11-27,0.65,0.647,0.664,0.645,261259,17095482.0,2.93,-0.15,-0.001,6.55
2025-11-28,0.646,0.657,0.659,0.643,140400,9172208.0,2.47,1.55,0.01,3.52
2025-12-01,0.657,0.656,0.658,0.647,139227,9093106.0,1.67,-0.15,-0.001,3.49
2025-12-02,0.656,0.651,0.657,0.647,82718,5387220.0,1.52,-0.76,-0.005,2.07
2025-12-03,0.651,0.648,0.657,0.644,120085,7813570.0,2.0,-0.46,-0.003,3.01
2025-12-04,0.648,0.651,0.652,0.643,116697,7566991.0,1.39,0.46,0.003,2.93
2025-12-05,0.652,0.658,0.66,0.645,205379,13448847.0,2.3,1.08,0.007,5.15
2025-12-08,0.659,0.668,0.672,0.656,195815,13028933.0,2.43,1.52,0.01,4.91
2025-12-09,0.669,0.663,0.672,0.659,136499,9066675.0,1.95,-0.75,-0.005,3.42
2025-12-10,0.663,0.657,0.666,0.649,165418,10829744.0,2.56,-0.9,-0.006,4.15
2025-12-11,0.657,0.657,0.673,0.656,215788,14355989.0,2.59,0.0,0.0,5.41
2025-12-12,0.656,0.661,0.663,0.65,198228,13021619.0,1.98,0.61,0.004,4.97
2025-12-15,0.659,0.651,0.664,0.65,140026,9174333.0,2.12,-1.51,-0.01,3.51
2025-12-16,0.652,0.636,0.652,0.63,201684,12828345.0,3.38,-2.3,-0.015,5.06
2025-12-17,0.633,0.651,0.652,0.633,189277,12167355.0,2.99,2.36,0.015,4.74
2025-12-18,0.65,0.637,0.65,0.637,190325,12238386.0,2.0,-2.15,-0.014,4.77
2025-12-19,0.64,0.642,0.645,0.637,99717,6393587.0,1.26,0.78,0.005,2.5
2025-12-22,0.642,0.649,0.652,0.642,109572,7101907.0,1.56,1.09,0.007,2.75
2025-12-23,0.649,0.659,0.664,0.649,184232,12124707.0,2.31,1.54,0.01,4.62
2025-12-24,0.659,0.664,0.666,0.653,111125,7342279.0,1.97,0.76,0.005,2.79
